0.000000
0.000000
0.850000
0.000000
0.397274
0.723544
0.850000
0.850000
0.765953
0.199211
0.136288
0.844489
0.000000
0.120017
0.053478
0.000000
0.198512
0.850000
0.191165
0.000000
0.388210
0.850000
0.021363
0.685955
0.000000
0.850000
0.000000
0.231505
0.773965
0.775408
0.500426
0.649225
0.850000
0.094248
0.099556
0.050823
0.444279
0.521912
0.067048
0.235188
0.000000
0.150795
0.351777
0.850000
0.064488
0.054734
0.000000
0.521079
0.000000
0.397196
0.753303
0.341435
0.850000
0.000000
0.343962
0.850000
0.850000
0.000000
0.000000
0.000000
0.119857
0.563595
0.850000
0.000000
0.039466
0.000000
0.850000
0.000000
0.850000
0.489748
0.801489
0.453791
0.016585
0.025062
0.000000
0.462566
0.251389
0.303348
0.850000
0.850000
0.839358
0.375772
0.000000
0.303398
0.320635
0.181738
0.000000
0.850000
0.473259
0.132702
0.133924
0.000000
0.850000
0.000000
0.058088
0.850000
0.273979
0.850000
0.000000
0.850000
0.028016
0.850000
0.541550
0.688079
0.799476
0.147731
0.261991
0.703205
0.530728
0.551467
0.850000
0.511855
0.838609
0.677180
0.223103
0.613229
0.802827
0.062227
0.674011
0.000000
0.850000
0.297843
0.756011
0.000000
0.612197
0.000000
0.158515
0.000000
0.696343
0.691309
0.453114
0.124939
0.000000
0.138031
0.850000
0.000000
0.850000
0.519008
0.670172
0.850000
0.000000
0.309528
0.451209
0.000000
0.729087
0.850000
0.091738
0.000000
0.823537
0.850000
0.163342
0.000000
0.000000
0.236924
0.000000
0.850000
0.014542
0.000000
0.213877
0.850000
0.422928
0.139342
0.000000
0.000000
0.000000
0.000000
0.000000
0.000000
0.000000
0.000000
0.000000
0.000000
0.000000
0.000000
0.000000
0.000000
0.000000
0.000000
0.000000
0.000000
0.000000
0.000000
0.000000
0.000000
0.000000
0.000000
0.000000
0.000000
0.000000
0.000000
0.000000
0.000000
0.000000
0.000000
0.000000
0.000000
0.000000
0.000000
0.000000
0.000000
0.000000
0.000000
0.000000
0.000000
0.000000
0.000000
0.000000
0.000000
0.000000
0.000000
0.000000
0.000000
0.000000
0.000000
0.000000
0.000000
0.000000
0.000000
0.000000
0.000000
0.000000
0.000000
0.000000
0.000000
0.000000
0.000000
0.000000
0.000000
0.000000
0.000000
0.000000
0.000000
0.000000
0.000000
0.000000
0.000000
0.000000
0.000000
0.000000
0.000000
0.000000
0.000000
0.000000
0.000000
0.000000
0.000000
0.000000
0.000000
0.000000
0.000000
0.000000
0.000000
0.000000
0.000000
0.000000
0.000000
0.000000
0.000000
0.000000
0.000000
0.000000
0.000000
0.000000
0.000000
0.000000
0.000000
0.000000
0.000000
0.000000
0.000000
0.000000
0.000000
0.000000
0.000000
0.000000
0.000000
0.000000
0.000000
0.000000
0.000000
0.000000
0.000000
0.000000
0.000000
0.000000
0.000000
0.000000
0.000000
0.000000
0.000000
0.000000
0.000000
0.000000
0.000000
0.000000
0.000000
0.000000
0.000000
0.000000
0.000000
0.000000
0.000000
0.000000
0.000000
0.000000
0.000000
0.000000
0.000000
0.000000
0.000000
0.000000
0.000000
0.000000
0.000000
0.000000
0.000000
0.000000
0.000000
0.000000
0.000000
0.000000
0.000000
0.000000
0.000000
0.000000
0.000000
0.000000
0.000000
0.000000
0.000000
0.000000
0.000000
0.000000
0.000000
0.000000
0.000000
0.000000
0.000000
0.000000
0.000000
0.000000
0.000000
0.000000
0.000000
0.000000
0.000000
0.000000
0.000000
0.000000
0.000000
0.000000
0.000000
0.000000
0.000000
0.000000
0.000000
0.000000
0.000000
0.000000
0.000000
0.000000
0.000000
0.000000
0.000000
0.000000
0.000000
0.000000
0.000000
0.000000
0.000000
0.000000
0.000000
0.000000
0.000000
0.000000
0.000000
0.000000
0.000000
0.000000
0.000000
0.000000
0.000000
0.000000
0.000000
0.000000
0.000000
0.000000
0.000000
0.000000
0.000000
0.000000
0.000000
0.000000
0.000000
0.000000
0.000000
0.000000
0.000000
0.000000
0.220178
0.000000
0.000000
0.850000
0.059394
0.850000
0.850000
0.000000
0.104747
0.850000
0.000000
0.000000
0.000000
0.000000
0.850000
0.437411
0.000000
0.850000
0.850000
0.531640
0.850000
0.850000
0.850000
0.744205
0.850000
0.850000
0.850000
0.523861
0.850000
0.195855
0.850000
0.000000
0.850000
0.117538
0.562015
0.000000
0.150544
0.000000
0.000000
0.000000
0.000000
0.200518
0.000000
0.000000
0.149588
0.252554
0.756847
0.698391
0.000000
0.000000
0.000000
0.850000
0.850000
0.850000
0.349440
0.000000
0.850000
0.000000
0.000000
0.000000
0.850000
0.000000
0.850000
0.850000
0.379048
0.000000
0.000000
0.000000
0.158730
0.249033
0.000000
0.850000
0.572673
0.000000
0.000000
0.136569
0.000000
0.000000
0.100668
0.850000
0.850000
0.000000
0.000000
0.000000
0.000000
0.609885
0.185883
0.315924
0.340848
0.850000
0.000000
0.229707
0.000000
0.102680
0.561138
0.000000
0.850000
0.000000
0.000000
0.000000
0.000000
0.458823
0.850000
0.250638
0.000000
0.592839
0.000000
0.719367
0.850000
0.016268
0.000000
0.730728
0.327227
0.000000
0.000000
0.850000
0.850000
0.432556
0.850000
0.546540
0.000000
0.850000
0.081133
0.037165
0.000000
0.850000
0.761012
0.548453
0.000000
0.850000
0.000000
0.000000
0.850000
0.000000
0.616154
0.000000
0.850000
0.044044
0.000000
0.000000
0.850000
0.850000
0.000000
0.167815
0.000000
0.000000
0.850000
0.439797
0.000000
0.469592
0.000000
0.000000
0.000000
0.850000
0.000000
0.116902
0.000000
0.000000
0.000000
0.270090
0.000000
0.000000
0.000000
0.850000
0.000000
0.840767
0.000000
0.000000
0.000000
0.000000
0.443842
0.000000
0.170617
0.260969
0.000000
0.611629
0.163596
0.686561
0.000000
0.000000
0.000000
0.000000
0.000000
0.000000
0.000000
0.000000
0.000000
0.000000
0.000000
0.850000
0.000000
0.000000
0.000000
0.000000
0.000000
0.000000
0.000000
0.000000
0.000000
0.000000
0.000000
0.000000
0.000000
0.000000
0.000000
0.000000
0.000000
0.000000
0.000000
0.000000
0.000000
0.000000
0.000000
0.000000
0.000000
0.000000
0.000000
0.000000
0.000000
0.000000
0.000000
0.000000
0.000000
0.000000
0.000000
0.000000
0.000000
0.000000
0.000000
0.000000
0.000000
0.000000
0.000000
0.000000
0.000000
0.000000
0.000000
0.000000
0.000000
0.000000
0.000000
0.000000
0.000000
0.000000
0.000000
0.000000
0.000000
0.000000
0.000000
0.000000
0.000000
0.000000
0.000000
0.000000
0.000000
0.000000
0.000000
0.000000
0.000000
0.000000
0.000000
0.000000
0.000000
0.000000
0.000000
0.000000
0.000000
0.000000
0.000000
0.000000
0.000000
0.000000
0.000000
0.000000
0.000000
0.000000
0.000000
0.000000
0.000000
0.000000
0.000000
0.000000
0.000000
0.000000
0.000000
0.000000
0.000000
0.000000
0.000000
0.000000
0.000000
0.000000
0.000000
0.000000
0.000000
0.000000
0.000000
0.000000
0.000000
0.000000
0.000000
0.000000
0.000000
0.000000
0.000000
0.000000
0.000000
0.000000
0.000000
0.000000
0.000000
0.000000
0.000000
0.000000
0.000000
0.000000
0.000000
0.000000
0.000000
0.000000
0.000000
0.000000
0.000000
0.000000
0.000000
0.000000
0.000000
0.000000
0.000000
0.000000
0.000000
0.000000
0.426458
0.850000
0.000000
0.850000
0.017381
0.850000
0.000000
0.000000
0.000000
0.000000
0.000000
0.000000
0.000000
0.121251
0.478898
0.850000
0.000000
0.385312
0.000000
0.000000
0.000000
0.111115
0.000000
0.005226
0.000000
0.850000
0.000000
0.000000
0.000000
0.000000
0.661350
0.000000
0.850000
0.192092
0.247034
0.662326
0.000000
0.000000
0.184376
0.000000
0.000000
0.000000
0.000000
0.000000
0.599219
0.850000
0.850000
0.706097
0.000000
0.850000
0.850000
0.000000
0.000000
0.283021
0.850000
0.329451
0.850000
0.000000
0.000000
0.476379
0.000000
0.241209
0.387754
0.353343
0.000000
0.000000
0.691403
0.850000
0.850000
0.498619
0.000000
0.850000
0.850000
0.432491
0.113093
0.000000
0.000000
0.000000
0.850000
0.410815
0.000000
0.352407
0.000000
0.000000
0.384077
0.850000
0.000000
0.799595
0.000000
0.000000
0.008042
0.000000
0.669705
0.000000
0.771980
0.401421
0.662298
0.850000
0.850000
0.850000
0.000000
0.000000
0.000000
0.495681
0.427023
0.617835
0.850000
0.376642
0.000000
0.216762
0.000000
0.000000
0.000000
0.512890
0.000000
0.000000
0.850000
0.467089
0.305452
0.110247
0.000000
0.850000
0.073639
0.850000
0.167260
0.677611
0.129630
0.850000
0.000000
0.000000
0.000000
0.000000
0.850000
0.444930
0.000000
0.000000
0.000000
0.692853
0.000000
0.850000
0.000000
0.000000
0.114982
0.231455
0.000000
0.155636
0.000000
0.504985
0.850000
0.026599
0.000000
0.000000
0.850000
0.000000
0.000000
0.000000
0.146690
0.779205
0.000000
0.850000
0.850000
0.391534
0.000000
0.000000
0.000000
0.782546
0.000000
0.000000
0.000000
0.000000
0.000000
0.000000
0.000000
0.000000
0.000000
0.000000
0.000000
0.000000
0.000000
0.000000
0.000000
0.000000
0.000000
0.000000
0.000000
0.000000
0.000000
0.000000
0.000000
0.000000
0.000000
0.000000
0.000000
0.000000
0.000000
0.000000
0.000000
0.000000
0.000000
0.000000
0.000000
0.000000
0.000000
0.000000
0.000000
0.000000
0.000000
0.000000
0.000000
0.000000
0.000000
0.000000
0.000000
0.000000
0.000000
0.000000
0.000000
0.000000
0.000000
0.000000
0.790424
0.804008
0.705334
0.850000
0.776212
0.000000
0.000000
0.000000
0.000000
0.000000
0.850000
0.850000
0.294229
0.850000
0.000000
0.000000
0.000000
0.850000
0.000000
0.000000
0.340955
0.000000
0.000000
0.636741
0.850000
0.850000
0.716223
0.000000
0.017193
0.735519
0.500699
0.850000
0.324693
0.850000
0.336990
0.044331
0.850000
0.000000
0.254941
0.040910
0.850000
0.850000
0.568107
0.850000
0.374929
0.134020
0.850000
0.523983
0.000000
0.000000
0.558926
0.124117
0.000000
0.278338
0.062381
0.000000
0.000000
0.000000
0.850000
0.348367
0.635172
0.000000
0.416283
0.300033
0.000000
0.000000
0.305307
0.031252
0.000000
0.436165
0.000000
0.011430
0.400097
0.850000
0.145268
0.000000
0.000000
0.838323
0.850000
0.850000
0.842538
0.850000
0.215295
0.054981
0.104549
0.530744
0.805947
0.000000
0.158993
0.573413
0.733283
0.787483
0.351234
0.319170
0.504924
0.153763
0.248329
0.000000
0.000000
0.387068
0.567516
0.503875
0.400908
0.032682
0.573673
0.000000
0.000000
0.000000
0.418811
0.850000
0.828964
0.188592
0.000000
0.000000
0.467132
0.463659
0.110069
0.012633
0.000000
0.040257
0.151289
0.640692
0.000000
0.319845
0.850000
0.169397
0.462196
0.128271
0.682521
0.389927
0.415929
0.733306
0.000000
0.219051
0.000000
0.000000
0.833673
0.249244
0.264812
0.000000
0.000000
0.850000
0.000000
0.000000
0.000000
0.000000
0.000000
0.000000
0.000000
0.000000
0.101937
0.469649
0.000000
0.723076
0.660810
0.000000
0.000000
0.000000
0.539932
0.000000
0.051703
0.214210
0.000000
0.843844
0.683970
0.432020
0.850000
0.000000
0.473955
0.000000
0.850000
0.836363
0.850000
0.520222
0.372783
0.000000
0.000000
0.000000
0.000000
0.241272
0.000000
0.000000
0.071048
0.000000
0.000000
0.850000
0.000000
0.000000
0.000000
0.850000
0.191235
0.850000
0.306986
0.000000
0.850000
0.307097
0.148566
0.000000
0.000000
0.000000
0.000000
0.649522
0.315308
0.195306
0.157357
0.000000
0.200724
0.000000
0.000000
0.000000
0.342640
0.000000
0.110953
0.850000
0.000000
0.369638
0.000000
0.348828
0.398232
0.074160
0.000000
0.194492
0.000000
0.122560
0.000000
0.850000
0.822540
0.850000
0.000000
0.850000
0.697058
0.784683
0.006116
0.850000
0.850000
0.000000
0.000000
0.000000
0.777676
0.315645
0.279426
0.524228
0.850000
0.248505
0.850000
0.760540
0.000000
0.850000
0.442020
0.850000
0.000000
0.392524
0.850000
0.850000
0.000000
0.509178
0.000000
0.850000
0.000000
0.441723
0.242217
0.704800
0.000000
0.000000
0.000000
0.688945
0.314465
0.000000
0.850000
0.027759
0.484320
0.218208
0.417731
0.000000
0.000000
0.000000
0.815342
0.000000
0.416656
0.000000
0.517699
0.302282
0.849357
0.000000
0.850000
0.084041
0.093723
0.653330
0.850000
0.182716
0.171781
0.818425
0.000000
0.630865
0.000000
0.000000
0.429806
0.097707
0.000000
0.006799
0.227462
0.000000
0.000000
0.000000
0.000000
0.000000
0.142050
0.764974
0.850000
0.377726
0.850000
0.223670
0.000000
0.438526
0.850000
0.000000
0.000000
0.850000
0.828137
0.000000
0.000000
0.094132
0.850000
0.000000
0.850000
0.850000
0.597506
0.000000
0.850000
0.251232
0.243614
0.000000
0.326269
0.460758
0.850000
0.000000
0.651632
0.428933
0.291205
0.052913
0.421164
0.000000
0.196729
0.000000
0.544795
0.724950
0.300248
0.000000
0.441182
0.000000
0.000000
0.310787
0.434317
0.119864
0.165881
0.701956
0.019068
0.000000
0.068788
0.417697
0.270072
0.000000
0.000000
0.000000
0.166026
0.653364
0.850000
0.850000
0.000000
0.431148
0.622570
0.751066
0.000000
0.487857
0.213118
0.257979
0.000000
0.000000
0.000000
0.260649
0.850000
0.000000
0.553162
0.569000
0.523308
0.657169
0.161717
0.000000
0.000000
0.325478
0.000000
0.595104
0.790956
0.355579
0.834213
0.000000
0.125739
0.315081
0.000000
0.261906
0.195861
0.221401
0.489731
0.388632
0.850000
0.850000
0.257003
0.000000
0.503597
0.850000
0.000000
0.000000
0.000000
0.514468
0.000000
0.624381
0.549419
0.000000
0.000000
0.286527
0.000000
0.379739
0.194232
0.850000
0.418433
0.160115
0.600282
0.213588
0.850000
0.850000
0.000000
0.075599
0.072928
0.437438
0.578907
0.715700
0.000000
0.193565
0.736802
0.850000
0.491987
0.772531
0.850000
0.000000
0.000000
0.000000
0.000000
0.238073
0.151838
0.000000
0.076242
0.850000
0.226948
0.000000
0.258634
0.023710
0.000000
0.000000
0.042072
0.389361
0.151049
0.247053
0.850000
0.850000
0.000000
0.125862
0.508100
0.657777
0.746888
0.000000
0.451369
0.715001
0.176257
0.228666
0.701730
0.850000
0.034586
0.417677
0.000000
0.850000
0.850000
0.326434
0.000000
0.360408
0.026487
0.000000
0.000000
0.227371
0.000000
0.000000
0.542929
0.125565
0.537046
0.146007
0.774441
0.850000
0.616624
0.000000
0.240403
0.311701
0.504811
0.000000
0.000000
0.155108
0.530705
0.165684
0.000000
0.359941
0.000000
0.000000
0.095068
0.850000
0.000000
0.286527
0.310949
0.000000
0.039278
0.380661
0.260471
0.221572
0.419200
0.000000
0.624476
0.000000
0.000000
0.000000
0.210624
0.078784
0.336302
0.764959
0.561164
0.000000
0.850000
0.850000
0.517836
0.155513
0.574389
0.494159
0.091253
0.850000
0.352595
0.436174
0.850000
0.727132
0.177869
0.850000
0.850000
0.257546
0.144727
0.594779
0.850000
0.755914
0.775627
0.792432
0.000000
0.850000
0.217210
0.000000
0.000000
0.000000
0.045980
0.349288
0.781812
0.000000
0.000000
0.547932
0.328133
0.005663
0.159699
0.000000
0.251773
0.021805
0.203554
0.174369
0.333672
0.203590
0.087939
0.427247
0.424943
0.850000
0.079589
0.000000
0.325290
0.000000
0.096849
0.305076
0.000000
0.000000
0.272725
0.201618
0.021488
0.416326
0.000000
0.313395
0.000000
0.406017
0.000000
0.480395
0.835308
0.251657
0.400279
0.063050
0.000000
0.850000
0.000000
0.095359
0.000000
0.169103
0.296337
0.850000
0.000000
0.000000
0.000000
0.411313
0.527027
0.258949
0.032169
0.617363
0.080569
0.593864
0.545248
0.000000
0.850000
0.125651
0.000000
0.124769
0.420220
0.458572
0.682437
0.576350
0.000000
0.850000
0.674578
0.000000
0.303701
0.110319
0.000000
0.842657
0.248687
0.273827
0.850000
0.850000
0.486618
0.000000
0.358755
0.123704
0.000000
0.000000
0.643282
0.000000
0.000000
0.000000
0.848075
0.394852
0.850000
0.000000
0.850000
0.251109
0.850000
0.428035
0.000000
0.000000
0.292667
0.194515
0.799352
0.468266
0.850000
0.000000
0.327288
0.000000
0.850000
0.476946
0.262413
0.850000
0.850000
0.820914
0.456340
0.850000
0.437713
0.000000
0.212629
0.212742
0.780064
0.000000
0.790016
0.232690
0.850000
0.000000
0.000000
0.371612
0.841030
0.000000
0.611740
0.512838
0.289263
0.234497
0.000000
0.850000
0.384957
0.077327
0.000000
0.850000
0.000000
0.000000
0.850000
0.098604
0.850000
0.000000
0.000000
0.000000
0.000000
0.000000
0.000000
0.002163
0.355523
0.000000
0.838076
0.712640
0.019621
0.822158
0.020278
0.625793
0.397276
0.110290
0.077369
0.460937
0.000000
0.288488
0.000000
0.000000
0.000000
0.712240
0.000000
0.000000
0.578378
0.798511
0.345511
0.057824
0.000000
0.850000
0.131610
0.000000
0.000000
0.000000
0.850000
0.313963
0.000000
0.843478
0.797029
0.848073
0.000000
0.047799
0.026005
0.850000
0.355486
0.850000
0.072559
0.768643
0.000000
0.000000
0.756185
0.224200
0.766009
0.219456
0.000000
0.808175
0.000000
0.000000
0.000000
