1	0.0810812037575
2	0.00888715849627
3	0.000845330110013
4	0.000843530822475
5	0.000857386936531
6	0.00386200803606
7	0.0
8	0.0677738578312
9	0.0705904730427
10	0.125180015035
11	0.0289994406809
12	0.0296649213884
13	0.0224557093239
14	0.0
15	0.00231925030507
16	0.0022675766554
17	0.00227503570528
18	0.00238565604842
19	0.0
20	0.0270792138243
21	0.0259047523375
22	0.0
23	0.0
24	0.0
25	0.0
26	0.0
27	0.0
28	0.0259047523375
29	0.0270792138243
30	0.0
31	0.0
32	0.093144114926
33	0.0148496899569
34	0.00171535180471
35	0.00166984763552
36	0.00263870930768
37	0.0
38	0.0017624869752
39	0.00163247641229
40	0.00162398709506
41	0.00166473389981
42	0.00201763672566
43	0.0319944192046
44	0.0
45	0.00951335494417
46	5.23174393217e-06
47	2.06838312696e-06
48	1.94927023021e-06
49	0.000615573818049
50	0.320773115627
51	0.15251361195
52	0.0192103260581
53	0.0321670838739
54	0.0247582249007
55	0.0
56	0.0
57	0.0
58	0.0321670838739
59	0.0439685509588
60	0.106630726097
61	0.157067194411
62	0.0
63	0.0
64	7.45559375816e-05
65	1.80705048096e-06
66	1.10350995957e-05
67	0.0955397458666
68	0.0
69	0.0
70	0.0
71	0.0
72	0.0955397458666
73	1.10350995957e-05
74	1.80705048096e-06
75	7.45559375816e-05
76	0.0
77	0.0
78	0.0458828858536
79	0.0202533987696
80	0.143452522446
81	0.000615573818049
82	1.94927023021e-06
83	2.06838312696e-06
84	5.23174393217e-06
85	0.00951335494417
86	0.0
87	0.130461672829
88	0.130461488738
89	0.128030042607
90	0.145343341484
91	0.145242961007
92	0.146340944976
93	0.0293485689403
94	0.0295581997544
95	0.0890592559061
96	0.135982763413
97	0.0
98	0.0
99	0.0
100	0.059428283005
101	0.00313259171917
102	0.00260546975949
103	0.00741480265858
104	0.00516723238742
105	0.0447595939552
106	0.0533603410704
107	0.0299727654275
108	0.0
109	0.000276981128118
110	0.000107489454756
111	0.000107612753672
112	0.000176588082504
113	0.000388125817726
114	0.056529498064
115	0.0
116	0.0201269846748
117	0.0
118	0.137354329493
119	0.120294760347
120	0.00279833824497
121	0.00266541455709
122	0.00236521787448
123	0.00238996354752
124	0.0293676657696
125	0.00615344718281
126	0.00137669842788
127	0.00225787045528
128	0.0232671668351
129	0.0491810408416
130	0.0445103635908
131	0.0357848325416
132	0.0219743913742
133	0.000285798521237
134	0.000139504910441
135	0.00368761278359
136	0.0
137	0.0443169858272
138	0.00374568922109
139	0.000201074623553
140	0.00170971858446
141	0.0
142	0.159700858111
143	0.153990180161
144	0.0
145	0.0441152909828
146	0.0524859597173
147	0.0544681129743
148	0.0
149	0.0
150	0.0
151	0.0147301747733
152	0.000212706529901
153	0.00010794992235
154	0.000108030402264
155	0.00131086071365
156	0.159139144533
157	0.193340745156
158	0.10735377712
159	0.111886935492
160	0.0366636845347
161	0.0704393782371
162	0.158650418776
163	0.0615963492526
164	0.00317970203905
165	0.00315486830951
166	0.00339370671592
167	0.0473018983453
168	0.067145725446
169	0.084570791836
170	0.0
171	0.0
172	0.0
173	0.159052633138
174	0.195337079754
175	0.067145725446
176	0.0262344396404
177	0.0
178	0.0
179	0.156810425216
180	0.154300332233
181	0.313085075935
182	0.313222993113
183	0.0
184	0.147259912289
185	0.00363064985275
186	0.00303450868173
187	0.00230039191928
188	0.00634227902509
189	0.0
190	0.0
191	0.0
192	0.0
193	0.00634227902509
194	0.00230039191928
195	0.00303450868173
196	0.00363064985275
197	0.0
198	0.0378933756575
199	0.077207468436
200	0.0
201	0.0
202	0.159497238116
203	0.158514362154
204	0.258528862616
205	0.0631301863328
206	0.102988606476
207	0.0330372767482
208	0.0
209	0.0
210	0.0
211	0.0
212	0.0284147466405
213	0.096167463081
214	0.360595878509
215	0.0
216	0.351144584642
217	0.350576563647
218	0.335903951393
219	0.182854006354
220	0.0210674587049
221	0.00339370671592
222	0.00315486830951
223	0.00317970203905
224	0.0215436390769
225	0.203990749223
226	0.126424606736
227	0.135440002798
228	0.0366636845347
229	0.0
230	0.0
231	0.0
232	0.000903551106166
233	0.000858237573618
234	0.0364371017553
235	0.0
236	0.0
237	0.0
238	0.0
239	0.0364371017553
240	0.000858237573618
241	0.000903551106166
242	0.0
243	0.0495257921569
244	0.0380026934479
245	0.287479265129
246	0.00131086071365
247	0.000108030402264
248	0.00010794992235
249	0.000212706529901
250	0.0147301747733
251	0.0
252	0.0392470535524
253	0.0524838038446
254	0.0152232152946
255	0.0441152909828
256	0.153990180161
257	0.159700858111
258	0.0
259	0.00170971858446
260	0.000201074623553
261	0.00374568922109
262	0.0443169858272
263	0.0
264	0.00368761278359
265	0.000139504910441
266	0.000285798521237
267	0.0219743913742
268	0.0
269	0.0245898668364
270	0.0590519993767
271	0.0445103635908
272	0.0245911740052
273	0.00225787045528
274	0.00137669842788
275	0.00615344718281
276	0.0
277	0.0293676657696
278	0.00238996354752
279	0.00236521787448
280	0.00266541455709
281	0.00279833824497
282	0.0
283	0.205482238931
284	0.195445279189
285	0.0520299913639
286	0.0
287	0.0201269846748
288	0.0
289	0.0580909496965
290	0.137217469949
291	0.0
292	0.0
293	0.00270420058837
294	0.00238772087981
295	0.00239475445384
296	0.0420744298308
297	0.204410639174
298	0.051297978279
299	0.0522034503931
300	0.0
301	0.0
302	0.0
303	0.0
304	0.0
305	0.0
306	0.0
307	0.0
308	0.0522034503931
309	0.157736332186
310	0.140046715099
311	0.00239475445384
312	0.00238772087981
313	0.00270420058837
314	0.0
315	0.056529498064
316	0.000388125817726
317	0.000176588082504
318	0.000107612753672
319	0.000107489454756
320	0.000276981128118
321	0.0
322	0.0299727654275
323	0.0533603410704
324	0.0318007104174
325	0.0129588835379
326	0.00516723238742
327	0.00741480265858
328	0.00260546975949
329	0.00313259171917
330	0.059428283005
331	0.0
332	0.0660821534471
333	0.0660680196736
334	0.0647329704564
335	0.193323619382
336	0.0890592559061
337	0.0295581997544
338	0.0293485689403
339	0.0573408559688
340	0.532067637938
341	0.558976519687
342	0.559275226315
343	0.0
344	0.0
345	0.0
346	0.112064968813
347	0.112249776504
348	0.110036161193
349	0.105323089743
350	0.104954273764
351	0.0829275187058
352	0.0
353	0.0319944192046
354	0.00201763672566
355	0.00166473389981
356	0.00162398709506
357	0.00163247641229
358	0.0017624869752
359	0.00263870930768
360	0.00166984763552
361	0.00171535180471
362	0.0148496899569
363	0.093144114926
364	0.0
365	0.121643802044
366	0.223529811444
367	0.113916667067
368	0.0
369	0.0
370	0.0
371	0.00292930131423
372	0.000388472748625
373	0.000379603667336
374	0.000387051893134
375	0.00102315091633
376	0.0
377	0.0
378	0.0353724789368
379	0.0299236169454
380	0.0324242391208
381	0.0243442898161
382	0.0278732696527
383	0.0279797579339
384	0.0
385	0.0
386	0.0
387	0.0
388	0.0279797579339
389	0.0602975087734
390	0.0542679067615
391	0.0353724789368
392	0.0
393	0.0
394	0.00102315091633
395	0.000387051893134
396	0.000379603667336
397	0.000388472748625
398	0.00292930131423
399	0.0
400	0.0
401	0.0
402	0.228065930232
403	0.231024350322
404	0.0
405	0.0
406	0.0141311839275
407	0.0142288021873
408	0.0142400963685
409	0.189446367775
410	0.175553801915
411	0.189766498138
412	0.0851388218066
413	0.0218044834939
414	0.0326473299187
415	0.0383740861336
416	0.173774219983
417	0.226230390961
418	0.160929821214
419	0.0498390617027
420	0.0
421	0.0
422	0.0
423	0.0
424	0.0
425	0.0
426	0.0
427	0.0
428	0.0352380780355
429	0.125206228356
430	0.127824529088
431	0.015054963278
432	0.018803020668
433	0.182874322949
434	0.162911119965
435	0.234799426406
436	0.245034602038
437	0.147385210878
438	0.362018866026
439	0.181670079683
440	0.15482882969
441	0.158332478224
442	0.00722581592485
443	0.00699828681798
444	0.0
445	0.0
446	0.0
447	0.0711632283583
448	0.0686630865405
449	0.0518111519375
450	0.10848496349
451	0.0
452	0.0268701060547
453	0.103426213514
454	0.0
455	0.0
456	0.00201663355956
457	1.39971699556e-05
458	6.29793825771e-06
459	0.000139448368031
460	5.48839300877e-06
461	0.00160711130351
462	0.0
463	0.0
464	0.0
465	0.0
466	0.0
467	0.00160711130351
468	5.48839300877e-06
469	0.000139448368031
470	6.29793825771e-06
471	1.39971699556e-05
472	0.00201663355956
473	0.0917183973136
474	0.093424609301
475	0.210682796996
476	0.174525713329
477	0.242112363986
478	0.15727753449
479	0.133722572449
480	0.139621109286
481	0.255237187538
482	0.25276220228
483	0.161188025832
484	0.208836854851
485	0.29525464598
486	0.293110722829
487	0.13671261701
488	0.144489005158
489	0.13593883079
490	0.0207442361451
491	0.132057935973
492	0.187532877011
493	0.284059008623
494	0.175184267741
495	0.397315161771
496	0.379569817808
497	0.272172212238
498	0.146399303381
499	0.0496846018635
500	0.0933470107298
501	0.356730212214
502	0.317818336849
503	0.11182100228
504	0.061303403907
505	0.0115690558229
506	0.0182231339152
507	0.203729699766
508	0.152146332842
509	0.202432088134
510	0.207207774801
511	0.134356746098
512	0.159056183889
513	0.0252427178099
514	0.0
515	0.0
516	0.0968358125938
517	0.133310819717
518	0.137507063756
519	0.129411352552
520	0.0752594326162
521	0.0385481147577
522	0.151779769879
523	0.177908793122
524	0.270610423724
525	0.249132879835
526	0.125782543602
527	0.138400298179
528	0.294400116051
529	0.29265143759
530	0.288545696671
531	0.264226929916
532	0.266840610047
533	0.157559544985
534	0.15652931109
535	0.507166748897
536	0.682314062752
537	0.240366089175
538	0.329490758706
539	0.0833169231542
540	0.18132490526
541	0.150226938556
542	0.0778836533227
543	0.00832320431793
544	0.0216752382053
545	0.0217424054945
546	0.004820566719
547	0.00662221869002
548	0.0652305849303
549	0.0188332841666
550	0.0188416868268
551	0.0629521192411
552	0.0602519153551
553	0.0168338289723
554	0.0319111956584
555	0.0
556	0.0
557	0.0
558	0.0247757810807
559	0.0423772850026
560	0.0168338289723
561	0.0169110136286
562	0.03364646175
563	0.0652305849303
564	0.0251873393358
565	0.0236601348661
566	0.0236347046896
567	0.0236370078671
568	0.0151324488896
569	0.208259434181
570	0.165655070194
571	0.559020775213
572	0.557104010529
573	0.308507621395
574	0.0972572031022
575	0.0906442544957
576	0.0993042441542
577	0.265916760437
578	0.435037774786
579	0.481245693649
580	0.405740136041
581	0.242896744007
582	0.304612635706
583	0.285678210935
584	0.285698435052
585	0.187346233017
586	0.0851477914216
587	0.00931105008752
588	0.0043932998158
589	0.130504106312
590	0.137463728901
591	0.0742533051776
592	0.0217895783846
593	0.0167834013335
594	0.0229639985599
595	0.0156109844173
596	0.130634735849
597	0.334194451278
598	0.385826342074
599	0.31247861489
600	0.303411372763
601	0.16424570304
602	0.220745565133
603	0.434396462541
604	0.47316031727
605	0.38512021492
606	0.376196814861
607	0.224261453959
608	0.163664708363
609	0.155458189758
610	0.281024750813
611	0.189547584934
612	0.16038444521
613	0.161864018661
614	0.145279819651
615	0.0614785767903
616	0.142169861486
617	0.127003464185
618	0.241192434129
619	0.303912993888
620	0.188541789786
621	0.274581160945
622	0.174190959498
623	0.22609460232
624	0.230548860346
625	0.230615483019
626	0.158455623739
627	0.0
628	0.0469478284827
629	0.165551271228
630	0.16158076982
631	0.0494698792233
632	0.0
633	0.128401013701
634	0.0793537957559
635	0.206417142528
636	0.206427747337
637	0.206427934737
638	0.206360595445
639	0.204822518616
640	0.152190390474
641	0.284695091726
642	0.215838170874
643	0.12097758598
644	0.210513592971
645	0.483158939095
646	0.495619618238
647	0.36648914385
648	0.441368578476
649	0.115731896155
650	0.394797641882
651	0.447654973196
652	0.583815156405
653	0.591804487249
654	0.43388195278
655	0.258857061489
656	0.148898413294
657	0.0797945188449
658	0.155888811899
659	0.157540282308
660	0.156417442214
661	0.0276328083747
662	0.000303338959352
663	0.000133650999034
664	0.000109929041243
665	0.000110485459343
666	0.00012328880241
667	0.000223346143324
668	0.00952458008729
669	0.0
670	0.140052527853
671	0.0029341633619
672	0.000728908154255
673	0.000723225103567
674	0.000944646167014
675	0.00674390574098
676	0.0
677	0.141683111499
678	0.133490936188
679	0.0
680	0.0
681	0.0
682	0.0
683	0.0
684	0.0
685	0.0268671681514
686	0.133490936188
687	0.114815943347
688	0.0
689	0.00674390574098
690	0.000944646167014
691	0.000723225103567
692	0.000728908154255
693	0.0029341633619
694	0.114308984241
695	0.0
696	0.0
697	0.0
698	0.0
699	0.0
700	0.0257435436127
701	0.00952458008729
702	0.000223346143324
703	0.00012328880241
704	0.000110485459343
705	0.000109929041243
706	0.000133650999034
707	0.000303338959352
708	0.0276328083747
709	0.217265683212
710	0.285296615664
711	0.441499787937
712	0.548329140088
713	0.353017725972
714	0.19188838876
715	0.272840756556
716	0.266275398854
717	0.104842144415
718	0.0
719	0.163364856852
720	0.465258910264
721	0.466768819974
722	0.336762557002
723	0.39755290995
724	0.402316384775
725	0.352140437881
726	0.352261257688
727	0.172476342989
728	0.363452621177
729	0.325366788055
730	0.312236057782
731	0.185511173991
732	0.175844652587
733	0.0328253444532
734	0.207461515246
735	0.212013068666
736	0.110979484101
737	0.303792925703
738	0.303887069234
739	0.132375108715
740	0.0396449838386
741	0.0525746217825
742	0.054075300539
743	0.0
744	0.000729492202372
745	0.000613757357323
746	0.00812046301842
747	0.0191725266315
748	0.0388349018847
749	0.0
750	0.00137735705408
751	3.03187351517e-06
752	1.1642087596e-05
753	2.36366811596e-06
754	7.95483876098e-05
755	0.000163966809427
756	0.000184640449727
757	0.00168245776667
758	0.0
759	0.0
760	0.000308879333668
761	3.7538085846e-06
762	5.45991969435e-07
763	0.000382258347809
764	0.0215182607772
765	0.122742655075
766	0.205340112148
767	0.225611511498
768	0.155633017203
769	0.194882968937
770	0.0647198955239
771	0.208695243382
772	4.83417625737e-05
773	3.21267787238e-05
774	0.000627284774306
775	0.0948618232959
776	0.119795454896
777	0.0
778	0.123066634432
779	0.125550398056
780	0.149017394799
781	0.156034591814
782	0.155711342305
783	0.0
784	0.0
785	0.0
786	0.0
787	0.0
788	0.0
789	0.0
790	0.000366677619062
791	4.32724288335e-06
792	2.72363829189e-07
793	3.21374676703e-08
794	1.01262363893e-06
795	0.000102209336977
796	0.0109860779483
797	0.207826663728
798	0.0530372062978
799	0.0579358182425
800	0.0
801	0.0
802	0.244448960741
803	0.230004977448
804	0.126702425608
805	0.0836504744741
806	0.120732914467
807	0.136137396036
808	0.00492679343723
809	5.80909373267e-05
810	2.8239645379e-05
811	2.46679805543e-05
812	2.40116632204e-05
813	0.00115485222717
814	0.0
815	0.0
816	0.0
817	0.0
818	0.0
819	0.00115485222717
820	2.40116632204e-05
821	2.46679805543e-05
822	2.8239645379e-05
823	5.80909373267e-05
824	0.00492679343723
825	0.0621563978951
826	0.0860405616496
827	0.0439826504737
828	0.0
829	0.149582398949
830	0.124142100129
831	0.122484295205
832	0.110907968235
833	0.183926030559
834	0.156462863321
835	0.17903781383
836	0.0530372062978
837	0.0728011836854
838	0.135025480042
839	0.0109860779483
840	0.000102209336977
841	1.01262363893e-06
842	3.21374676703e-08
843	2.72363829189e-07
844	4.32724288335e-06
845	0.000366677619062
846	0.0
847	0.0
848	0.0
849	0.281261740361
850	0.279101226246
851	0.268812849695
852	0.0948618232959
853	0.0
854	0.000627284774306
855	3.21267787238e-05
856	4.83417625737e-05
857	0.135269322094
858	0.0734259212885
859	0.192917785548
860	0.196894681672
861	0.147505741049
862	0.170547841566
863	0.0547049128565
864	0.0859362941899
865	0.0817339458032
866	0.0602072184764
867	0.000382258347809
868	5.45991969435e-07
869	3.7538085846e-06
870	0.000308879333668
871	0.0
872	0.0
873	0.00168245776667
874	0.000184640449727
875	0.000163966809427
876	7.95483876098e-05
877	2.36366811596e-06
878	1.1642087596e-05
879	3.03187351517e-06
880	0.00137735705408
881	0.0
882	0.0388349018847
883	0.0191725266315
884	0.00812046301842
885	0.000613757357323
886	0.000729492202372
887	0.0
888	0.165030695003
889	0.177468375177
890	0.152454084913
891	0.125865489034
892	0.0176531702644
893	0.0831734119801
894	0.138845635373
895	0.095238762985
896	0.142481005183
897	0.142552769272
898	0.162953732444
899	0.162983251534
900	0.146245663348
901	0.148836460666
902	0.020435446965
903	0.124352764987
904	0.129075103678
905	0.132093112066
906	0.131377454273
907	0.282547419984
908	0.21290055891
909	0.259326646918
910	0.261455420852
911	0.241558709353
912	0.271596664227
913	0.1211488969
914	0.115626703106
915	0.114115651277
916	0.0
917	0.0248475590409
918	0.00327259382205
919	0.0185893043083
920	0.0148151175407
921	0.00604044866238
922	0.00475850586084
923	0.00477506481809
924	0.0802073872173
925	0.175848634215
926	0.441243420111
927	0.40078505776
928	0.481839637593
929	0.483304232044
930	0.421188960493
931	0.262100212006
932	0.178161244396
933	0.199054630759
934	0.47702901536
935	0.353401933282
936	0.475959054394
937	0.48683418895
938	0.484101794719
939	0.13861747048
940	0.203579013869
941	0.380573187262
942	0.301698934972
943	0.132743628541
944	0.150195852765
945	0.185760362649
946	0.169256780508
947	0.130653952107
948	0.35927192424
949	0.359111613556
950	0.111786770249
951	0.164702845059
952	0.145489952163
953	0.151779769879
954	0.207746511879
955	0.386579690088
956	0.39161851005
957	0.554186780748
958	0.702890906409
959	0.700384541016
960	0.371703346202
961	0.484082034081
962	0.387879072631
963	0.530724786308
964	0.512078688785
965	0.418242878289
966	0.530570289826
967	0.702858730003
968	0.632944358993
969	0.464450760103
970	0.375571219332
971	0.488834043193
972	0.389684029655
973	0.776131388457
974	0.780949772316
975	0.626390305168
976	0.369305430794
977	0.320751535037
978	0.272187595831
979	0.267642878076
980	0.00724075342494
981	0.455498370999
982	0.454645787386
983	0.0216506346481
984	0.0
985	0.0
986	0.0
987	0.176770056453
988	0.396951561613
989	0.293936023456
990	0.098420800462
991	0.0503794233038
992	0.0
993	0.0321774042535
994	0.0293472295237
995	0.0
996	0.0
997	0.0
998	0.0
999	0.0434604357029
1000	0.0572147078961
1001	0.212666769944
1002	0.446633688047
1003	0.434886798411
1004	0.446725894495
1005	0.405599717709
1006	0.270428560899
1007	0.247769668958
1008	0.260468493408
1009	0.288348442209
1010	0.123658333409
1011	0.169687566115
1012	0.192065112814
1013	0.213436782829
1014	0.178116517667
1015	0.025150875887
1016	0.206841088239
1017	0.239977207189
1018	0.117706153787
1019	0.205909923012
1020	0.228113809116
1021	0.26216164571
1022	0.0
1023	0.229044167551
1024	0.26014862886
1025	0.253911931845
1026	0.419152518664
1027	0.415666813238
1028	0.423866294637
1029	0.42417669055
1030	0.0348736674515
1031	0.112150483082
1032	0.0900691173215
1033	0.0
1034	0.0
1035	0.521791527941
1036	0.52788853886
1037	0.413146964705
1038	0.422851337519
1039	0.38955707038
1040	0.129290413886
1041	0.0690511465919
1042	0.017202394426
1043	0.0171907854703
1044	0.12487771585
1045	0.0
1046	0.0213123490357
1047	0.021781073899
1048	0.150275300789
1049	0.0228110020822
1050	0.0344149513786
1051	0.0791145931888
1052	0.0246335009808
1053	0.154244591575
1054	0.16694451457
1055	0.192750710519
1056	0.0975251588414
1057	0.128693483822
1058	0.0984358764478
1059	0.286896861193
1060	0.325516427013
1061	0.321372969498
1062	0.433541402604
1063	0.435522213506
1064	0.307604305919
1065	0.248341001436
1066	0.174419845543
1067	0.178657114289
1068	0.18742814725
1069	0.187862967508
1070	0.178744761011
1071	0.208744131931
1072	0.207666704461
1073	0.0390801750051
1074	0.0089699261718
1075	0.0
1076	0.0
1077	0.0
1078	0.00923020228767
1079	0.00916193049766
1080	0.0752316631819
1081	0.0630119804775
1082	0.0921235464485
1083	0.137032296326
1084	0.0230852595241
1085	0.0232079591515
1086	0.0626477122654
1087	0.0917637638667
1088	0.021444319256
1089	0.0292853859211
1090	0.0
1091	0.0
1092	0.0
1093	0.0
1094	0.0
1095	0.061851936717
1096	0.0919330981865
1097	0.021444319256
1098	0.0299118271497
1099	0.0920672075276
1100	0.0919534823255
1101	0.131185028428
1102	0.0920118437376
1103	0.0
1104	0.031381674898
1105	0.0
1106	0.378673009328
1107	0.379864745473
1108	0.379958662336
1109	0.379867707165
1110	0.316603955086
1111	0.460594576791
1112	0.383978905566
1113	0.244706672808
1114	0.401071469643
1115	0.403880684725
1116	0.444324794162
1117	0.391796801157
1118	0.284760944271
1119	0.145656261805
1120	0.0746452996419
1121	0.0529762865291
1122	0.0141036410756
1123	0.0347375316364
1124	0.0491957557997
1125	0.0
1126	0.0444600737512
1127	0.286835665923
1128	0.244163682422
1129	0.0879990219949
1130	0.204229151736
1131	0.136303598559
1132	0.118295254057
1133	0.117653764101
1134	0.150630088077
1135	0.150436502043
1136	0.149133070576
1137	0.0883857716662
1138	0.0133573119861
1139	0.0590619132455
1140	0.12602097797
1141	0.0814253442026
1142	0.00823238330681
1143	0.0
1144	0.0
1145	0.012472372423
1146	0.167418752116
1147	0.207647051541
1148	0.139998031215
1149	0.140005186708
1150	0.181913882947
1151	0.141640877223
1152	0.15745029608
1153	0.161439195887
1154	0.140935250154
1155	0.121171105015
1156	0.106567285292
1157	0.0208962318776
1158	0.292861548476
1159	0.350542423675
1160	0.380380630144
1161	0.230201997603
1162	0.368052857578
1163	0.295696831034
1164	0.179279251416
1165	0.00548466555813
1166	0.0
1167	0.146130941645
1168	0.206817479954
1169	0.359332476905
1170	0.195726051808
1171	0.159491462904
1172	0.0471180646464
1173	0.370938383639
1174	0.369545954517
1175	0.32095551604
1176	0.149492570497
1177	0.0
1178	0.0
1179	0.0
1180	0.0
1181	0.0170582515393
1182	0.159568547369
1183	0.173918281511
1184	0.179632774894
1185	0.18025012114
1186	0.0204704107585
1187	0.341096116184
1188	0.371998798096
1189	0.520727233585
1190	0.528697558508
1191	0.527616823039
1192	0.485693295016
1193	0.174559674943
1194	0.0500339743797
1195	0.0738500832409
1196	0.0269375846818
1197	0.0259986825054
1198	0.51140821782
1199	0.51855944183
1200	0.511955142608
1201	0.40604505281
1202	0.538193944085
1203	0.57943534762
1204	0.56306763225
1205	0.403553265208
1206	0.334331446085
1207	0.132720900668
1208	0.0862912898334
1209	0.0326989347243
1210	0.0
1211	0.0751579282184
1212	0.0160140093241
1213	0.0142766250562
1214	0.0294928591866
1215	0.0296602988963
1216	0.0296619847807
1217	0.0297307585472
1218	0.0156048168084
1219	0.0153593018676
1220	0.00891285692283
1221	0.000104073245213
1222	3.04982766954e-05
1223	3.03572320949e-05
1224	3.20400830715e-05
1225	0.000329508195494
1226	0.133239611579
1227	0.291042305703
1228	0.157190686293
1229	0.0
1230	0.0
1231	0.0
1232	0.00303620284109
1233	0.000251047043784
1234	0.000123274525756
1235	0.000124274455493
1236	0.00249860821529
1237	0.0
1238	0.119970511386
1239	0.117577473941
1240	0.117050326995
1241	0.112855604526
1242	0.0933024275552
1243	0.0
1244	0.0
1245	0.0
1246	0.0
1247	2.19729381972e-05
1248	7.3907490149e-07
1249	1.57982924564e-06
1250	5.70179179975e-06
1251	9.51513127242e-05
1252	0.0
1253	0.00101919969319
1254	4.71664154384e-07
1255	8.22076777255e-07
1256	4.67855829337e-07
1257	4.74828814229e-07
1258	0.00278225259342
1259	0.0
1260	0.0
1261	0.0
1262	0.0
1263	0.0
1264	0.0
1265	0.0
1266	0.0
1267	0.0
1268	0.0
1269	0.0
1270	0.00278225259342
1271	4.74828814229e-07
1272	4.67855829337e-07
1273	8.22076777255e-07
1274	4.71664154384e-07
1275	0.00101919969319
1276	0.0
1277	0.0453878089151
1278	0.0305381150635
1279	0.0
1280	0.137118251829
1281	0.137394550847
1282	0.211621174743
1283	0.240071501796
1284	0.159703297028
1285	0.159692850951
1286	0.0
1287	0.139862406751
1288	0.137946896349
1289	0.297087401798
1290	0.351642834987
1291	0.0431361633306
1292	0.0
1293	9.51513127242e-05
1294	5.70179179975e-06
1295	1.57982924564e-06
1296	7.3907490149e-07
1297	2.19729381972e-05
1298	0.0
1299	0.0
1300	0.0
1301	0.0933024275552
1302	0.0318358038679
1303	0.11290184343
1304	0.117277774253
1305	0.120115396479
1306	0.0853230988192
1307	0.00249860821529
1308	0.000124274455493
1309	0.000123274525756
1310	0.000251047043784
1311	0.00303620284109
1312	0.0
1313	0.0
1314	0.0
1315	0.0
1316	0.291617861476
1317	0.2898547421
1318	0.0
1319	0.000329508195494
1320	3.20400830715e-05
1321	3.03572320949e-05
1322	3.04982766954e-05
1323	0.000104073245213
1324	0.00891285692283
1325	0.0137645472258
1326	0.0297101469166
1327	0.0296322047634
1328	0.0294475844331
1329	0.0296067883674
1330	0.0298725697718
1331	0.0316065209475
1332	0.0906528932373
1333	0.0155425259139
1334	0.0252888177331
1335	0.0103215344377
1336	0.166291841732
1337	0.298088280689
1338	0.297237271725
1339	0.303029423621
1340	0.48467782638
1341	0.366276906968
1342	0.321554508322
1343	0.0
1344	0.10954538512
1345	0.421806530455
1346	0.469782301789
1347	0.469794052672
1348	0.464012466884
1349	0.241744209988
1350	0.233922142269
1351	0.147145107111
1352	0.0117491229286
1353	0.0364776309426
1354	0.0367708999069
1355	0.0395085640104
1356	0.124686995404
1357	0.0
1358	0.00904026491725
1359	0.0151324179263
1360	0.113568379868
1361	0.0269229409443
1362	0.0309709718031
1363	0.0310177515386
1364	0.0269130031824
1365	0.142155359568
1366	0.399552156746
1367	0.252141136507
1368	0.0
1369	0.0
1370	0.0
1371	0.0
1372	0.128747221162
1373	0.128541302062
1374	0.0817164270209
1375	0.14619552336
1376	0.22732969673
1377	0.20838666482
1378	0.0
1379	0.090400045951
1380	0.115732740687
1381	0.0334469973035
1382	0.108863909926
1383	0.00862112934467
1384	9.71290120384e-05
1385	3.30450290342e-05
1386	0.0775371194425
1387	1.45656111393e-06
1388	1.02502434875e-07
1389	8.70331454971e-07
1390	2.50869150758e-06
1391	4.38498319e-05
1392	0.0
1393	0.0
1394	0.0
1395	0.0
1396	4.38498319e-05
1397	2.50869150758e-06
1398	8.70331454971e-07
1399	1.02502434875e-07
1400	1.45656111393e-06
1401	0.0775371194425
1402	3.30450290342e-05
1403	9.71290120384e-05
1404	0.00862112934467
1405	0.190522927077
1406	0.353553754844
1407	0.33246820385
1408	0.25244993421
1409	0.265005191994
1410	0.106455347387
1411	0.191492077781
1412	0.15121364168
1413	0.189811363781
1414	0.302901380303
1415	0.310371894524
1416	0.302039126588
1417	0.347074860708
1418	0.409328027913
1419	0.307722207411
1420	0.313464091496
1421	0.282581729529
1422	0.11683336589
1423	0.264414094525
1424	0.354887070944
1425	0.342558721227
1426	0.471251983302
1427	0.240220633612
1428	0.350127169183
1429	0.427881950379
1430	0.274189082175
1431	0.318907154569
1432	0.459226388937
1433	0.411666353452
1434	0.400010814517
1435	0.36306484991
1436	0.331180813528
1437	0.107678533659
1438	0.239145936143
1439	0.232788592915
1440	0.246897352544
1441	0.247240061134
1442	0.236556873235
1443	0.0919965674876
1444	0.0220834273856
1445	0.0221029278002
1446	0.227755920907
1447	0.227569856315
1448	0.227471956708
1449	0.0875258068286
1450	0.0150096629615
1451	0.0296277806361
1452	0.0297296403137
1453	0.0143130870605
1454	0.0776156120569
1455	0.16279530202
1456	0.16336098814
1457	0.163051590546
1458	0.0119306417427
1459	0.0
1460	0.0
1461	0.00732557997466
1462	0.145411666637
1463	0.163295746569
1464	0.185893548158
1465	0.0289590960109
1466	0.148591732598
1467	0.148647203033
1468	0.0869002133263
1469	0.0973472582169
1470	0.348931637027
1471	0.514541593595
1472	0.500747986254
1473	0.418604495626
1474	0.465096075439
1475	0.355010500041
1476	0.407957491883
1477	0.634421701553
1478	0.61438325397
1479	0.700397316747
1480	0.506659627695
1481	0.633005588137
1482	0.473524996508
1483	0.154602267119
1484	0.0960484840533
1485	0.101578560745
1486	0.111958097207
1487	0.025624454947
1488	0.0
1489	0.00164379182909
1490	0.00103197250865
1491	0.000408124534313
1492	0.000402534329722
1493	0.000425435822196
1494	0.0
1495	0.0
1496	0.0
1497	0.0
1498	0.0
1499	0.0
1500	0.0
1501	0.0
1502	0.0
1503	0.0
1504	0.0
1505	0.000425435822196
1506	0.000402534329722
1507	0.000408124534313
1508	0.00103197250865
1509	0.00164379182909
1510	0.025624454947
1511	0.240089185146
1512	0.231109269205
1513	0.297255185926
1514	0.297285318388
1515	0.304640591538
1516	0.305118632402
1517	0.330906241131
1518	0.0160573326261
1519	0.00803942736431
1520	0.0
1521	0.0
1522	0.0159658927891
1523	0.0939356126427
1524	0.19093303767
1525	0.134714750536
1526	0.126394661697
1527	0.427943409783
1528	0.520493773888
1529	0.48067354939
1530	0.0526857514068
1531	0.0
1532	0.0315458970977
1533	0.141053666164
1534	0.305537198724
1535	0.270115931796
1536	0.1032990174
1537	0.225603426433
1538	0.402148310347
1539	0.322937766976
1540	0.273656390899
1541	0.250462158238
1542	0.0
1543	0.107591169687
1544	0.600911887997
1545	0.745886082121
1546	0.738440477271
1547	0.737787685969
1548	0.392826144733
1549	0.0981931928316
1550	0.0221200008685
1551	0.193117117215
1552	0.269151728596
1553	0.267600766282
1554	0.425131502031
1555	0.306160271448
1556	0.484594702451
1557	0.593623695867
1558	0.433375034034
1559	0.166614641354
1560	0.319028793657
1561	0.252842198482
1562	0.258787419322
1563	0.37154209453
1564	0.371457791441
1565	0.283979008764
1566	0.126762236079
1567	0.0481994709221
1568	0.0481233272002
1569	0.0390336703102
1570	0.0384134095922
1571	0.0338828429228
1572	0.006746437501
1573	0.00787656565954
1574	0.00901278243102
1575	0.172584966456
1576	0.215918051347
1577	0.414456687729
1578	0.468502042948
1579	0.513376626749
1580	0.422190691874
1581	0.389146732479
1582	0.358943657081
1583	0.358885264105
1584	0.53877105309
1585	0.452630699033
1586	0.362175040753
1587	0.441499142426
1588	0.450495634557
1589	0.0
1590	0.0223447977612
1591	0.0211643025863
1592	0.0831250947689
1593	0.0508589320514
1594	0.202465655052
1595	0.26328724289
1596	0.159018769092
1597	0.204987184791
1598	0.278486334323
1599	0.207385240431
1600	0.255217445371
1601	0.227254111234
1602	0.173090979479
1603	0.165912014238
1604	0.142354038414
1605	0.0458521132181
1606	0.0881761361218
1607	0.0712157435635
1608	0.0541710561352
1609	0.0
1610	0.0
1611	0.034172388054
1612	0.0364287681746
1613	0.0331586561926
1614	0.0
1615	0.0
1616	0.164544813379
1617	0.138348659631
1618	0.109263950799
1619	0.119358213082
1620	0.119817258556
1621	0.138210139112
1622	0.0254943183862
1623	0.0633598109993
1624	0.0891761327463
1625	0.0891127333531
1626	0.0891506705329
1627	0.191448921556
1628	0.140539937763
1629	0.201464400166
1630	0.216794428806
1631	0.207828204835
1632	0.196375399451
1633	0.218704439745
1634	0.220683156825
1635	0.206287048175
1636	0.10069524917
1637	0.0
1638	0.129978117828
1639	0.237712685082
1640	0.144768700672
1641	0.110962315041
1642	0.171678928206
1643	0.31765291263
1644	0.223583511025
1645	0.206902474871
1646	0.205085155882
1647	0.0762870924444
1648	0.0792812830129
1649	0.0244762339753
1650	0.024472405844
1651	0.0721718213332
1652	0.104208618213
1653	0.23493959872
1654	0.130832152743
1655	0.0554280437934
1656	0.0810840056909
1657	0.0717358495679
1658	0.0548798479587
1659	0.179427287014
1660	0.249470944533
1661	0.213917467917
1662	0.140039218939
1663	0.060546876568
1664	0.0232146561341
1665	0.0
1666	0.0116818807633
1667	0.0
1668	0.0
1669	0.0
1670	0.00745602810908
1671	0.0436436579998
1672	0.158424589839
1673	0.165365406723
1674	0.116318493824
1675	0.0447553229959
1676	0.0
1677	0.0970608559875
1678	0.0385913744912
1679	0.0385551342506
1680	0.0386176896948
1681	0.0194096264628
1682	0.245395242286
1683	0.246461218178
1684	0.272814382805
1685	0.350749212394
1686	0.274328282343
1687	0.384368273891
1688	0.322387142766
1689	0.303775293575
1690	0.0
1691	0.0
1692	0.178364390682
1693	0.192563910668
1694	0.19330177955
1695	0.211536858455
1696	0.328420206085
1697	0.312258145874
1698	0.368294905649
1699	0.170320785983
1700	0.113220400603
1701	0.151963024976
1702	0.0711631203405
1703	0.00801241758247
1704	0.00727721019441
1705	0.00960008326909
1706	0.0368889575168
1707	0.0815900490787
1708	0.20158043536
1709	0.231208372114
1710	0.132445534213
1711	0.221063353816
1712	0.105447364778
1713	0.133536920953
1714	0.111748259404
1715	0.130498820647
1716	0.137798904427
1717	0.173226106613
1718	0.0
1719	0.0
1720	0.0
