1	0.0303332948167
2	0.0558692717442
3	0.372459694887
4	0.38062159228
5	0.0881706427975
6	0.051102453526
7	0.0359357569789
8	0.0
9	0.196162596821
10	0.237957977236
11	0.211169419282
12	0.195868210845
13	0.0
14	0.254527661128
15	0.426750617975
16	0.425406405334
17	0.41893859869
18	0.369061001302
19	0.265204424878
20	0.3457281483
21	0.345714221946
22	0.0498471847108
23	0.0441937029126
24	0.0385963862385
25	0.0386847026553
26	0.0407796890512
27	0.0460003446058
28	0.137473502761
29	0.0861970300286
30	0.0
31	0.0
32	0.00629025637604
33	0.0234086561991
34	0.106510570429
35	0.106665389959
36	0.156524207464
37	0.127528746526
38	0.0716495613203
39	0.151193586917
40	0.163850419435
41	0.164381526724
42	0.141256926713
43	0.0259860706726
44	0.0
45	0.0644791688794
46	0.000203403005934
47	0.000200281487897
48	0.000204755240713
49	0.0105577960289
50	0.250510653728
51	0.0573209394441
52	0.0145525999598
53	0.0658305906398
54	0.0467533979217
55	0.0
56	0.0
57	0.0
58	0.0199759204917
59	0.0613059978815
60	0.0747976887214
61	0.155619033315
62	0.0
63	0.0
64	3.33351853124e-05
65	1.84090359528e-05
66	2.55481612937e-05
67	0.121235060546
68	0.0
69	0.0
70	0.0
71	0.0
72	0.121235060546
73	2.55481612937e-05
74	1.84090359528e-05
75	3.33351853124e-05
76	0.0
77	0.0
78	0.0283779208708
79	0.0
80	0.0948916204133
81	0.0105577960289
82	0.000204755240713
83	0.000200281487897
84	0.000203403005934
85	0.0725219592648
86	0.0664065175907
87	0.0428702925925
88	0.171787723277
89	0.147304048253
90	0.00412907881016
91	0.00428289378618
92	0.0113723176721
93	0.0
94	0.237961105346
95	0.228859785787
96	0.211143431322
97	0.0
98	0.0
99	0.0
100	0.0530610710597
101	0.0860009365184
102	0.242622775617
103	0.142858849268
104	0.153420689992
105	0.0
106	0.0113723176721
107	0.00428289378618
108	0.00412907881016
109	0.303452094329
110	0.0463178246681
111	0.0774165698251
112	0.0
113	0.0
114	0.0967139090999
115	0.149390396751
116	0.145040266032
117	0.147154570604
118	0.216676577242
119	0.217021883946
120	0.0866796045776
121	0.0398243913138
122	0.0878631400907
123	0.213563340584
124	0.254989078613
125	0.267091881575
126	0.427352275918
127	0.429015997631
128	0.277323140731
129	0.145040266032
130	0.222003034342
131	0.282962553922
132	0.0982445879324
133	0.0730891873786
134	0.0726589909897
135	0.0615454032444
136	0.0174215138373
137	0.0174875394824
138	0.0174989144689
139	0.0516036199705
140	0.0527299565331
141	0.0430601059823
142	0.0758336741517
143	0.0584446308098
144	0.0222004153547
145	0.00996097286347
146	0.00997354087409
147	0.0312396447695
148	0.0212647646562
149	0.0347717238155
150	0.0365601043916
151	0.0540356235923
152	0.054085394181
153	0.0716874819003
154	0.0716512033175
155	0.0714788448397
156	0.0195017435972
157	0.148916262078
158	0.0508440967655
159	0.180156201149
160	0.179337307136
161	0.169013652399
162	0.44587557109
163	0.456574922593
164	0.21864823856
165	0.0839512900152
166	0.0423819272962
167	0.08030266296
168	0.0798009553844
169	0.0719834307956
170	0.0337210219929
171	0.0714029082308
172	0.054412525539
173	0.107990193486
174	0.0885920654044
175	0.100888782599
176	0.145783094555
177	0.131095108792
178	0.197304969501
179	0.0504893888849
180	0.0495851027135
181	0.0561996717504
182	0.0773917834931
183	0.0954928667721
184	0.0549544005302
185	0.0728178178706
186	0.0411954871583
187	0.0957976865795
188	0.147562732432
189	0.0
190	0.0
191	0.0
192	0.0
193	0.109462289443
194	0.0640192996888
195	0.0742877712702
196	0.0528678498544
197	0.0236406983618
198	0.111886520001
199	0.102571010372
200	0.0
201	0.206356749288
202	0.222826565698
203	0.195147812363
204	0.304408929993
205	0.139643293062
206	0.104984237414
207	0.0460987837358
208	0.0462353458274
209	0.0480300077407
210	0.0816739550391
211	0.026329159077
212	0.0528256429622
213	0.051835744129
214	0.0517814133134
215	0.0240075117765
216	0.133481665093
217	0.129024122156
218	0.15016911052
219	0.119294522145
220	0.079359269842
221	0.213434426167
222	0.299598354556
223	0.282041619023
224	0.246738034778
225	0.0573046698622
226	0.309981984155
227	0.437862717246
228	0.297735572181
229	0.159132309655
230	0.20725397087
231	0.0
232	0.0854184441457
233	0.0850119991415
234	0.121787777277
235	0.124185022993
236	0.197623914683
237	0.0893250621799
238	0.0890293156326
239	0.290563263311
240	0.237963251242
241	0.23896437738
242	0.120191821232
243	0.13299377901
244	0.450489208402
245	0.409144402837
246	0.393262669022
247	0.306311202857
248	0.284940946814
249	0.125287468741
250	0.343806334562
251	0.346063052059
252	0.106922201494
253	0.119053588774
254	0.0910464190726
255	0.0940600113646
256	0.11786218774
257	0.0
258	0.106783180761
259	0.13451898119
260	0.129526436718
261	0.127245376607
262	0.0
263	0.0493846835824
264	0.192040478361
265	0.191251706266
266	0.1885048797
267	0.194386343655
268	0.190256537175
269	0.186572001046
270	0.0500304446874
271	0.0605398149808
272	0.05931111455
273	0.0
274	0.0
275	0.122701163583
276	0.338811301499
277	0.160359056052
278	0.0526261972816
279	0.165137134399
280	0.114611832713
281	0.114666197993
282	0.171466272522
283	0.169951623917
284	0.174937806977
285	0.106783180761
286	0.0
287	0.0
288	0.0
289	0.100801411257
290	0.111857894414
291	0.111192849182
292	0.0330864329112
293	0.113366745212
294	0.247823353988
295	0.215503049479
296	0.288782272687
297	0.426274891546
298	0.261569771235
299	0.259745680381
300	0.0
301	0.105727679323
302	0.106966973501
303	0.0510660839657
304	0.11623410656
305	0.118115906086
306	0.170178575349
307	0.122820481991
308	0.278497642283
309	0.349305033877
310	0.462697830979
311	0.186302880512
312	0.222396303021
313	0.146870667291
314	0.0950197709153
315	0.304961804605
316	0.233464060567
317	0.249475578584
318	0.142587614021
319	0.0836216906717
320	0.134233379717
321	0.279357696364
322	0.147323449038
323	0.0422967367371
324	0.268958127079
325	0.291200543295
326	0.103368017987
327	0.15094733776
328	0.132363355713
329	0.128366815886
330	0.0398557192995
331	0.132554841744
332	0.134143411089
333	0.0566213684851
334	0.0739686139254
335	0.0528750524491
336	0.0523313164714
337	0.0386346850293
338	0.0137784163138
339	0.133668382023
340	0.391497425051
341	0.406033239699
342	0.485487730541
343	0.0423198616588
344	0.0191442213971
345	0.0178128486174
346	0.0917886453379
347	0.0852422233548
348	0.065365588083
349	0.149700135796
350	0.153554035627
351	0.155019054923
352	0.0130886706577
353	0.0663728033346
354	0.0698885444987
355	0.0929019743857
356	0.080705300439
357	0.0955194809658
358	0.0721131716649
359	0.0146375309976
360	0.0668198380514
361	0.118368861596
362	0.135906668443
363	0.114820051428
364	0.0
365	0.0543678697966
366	0.191663008398
367	0.161892399342
368	0.0174064431432
369	0.0388735947295
370	0.110563412673
371	0.164403306337
372	0.135424002465
373	0.121504576327
374	0.0756674427513
375	0.116139409474
376	0.0398998489702
377	0.068868093769
378	0.202477063988
379	0.195119016912
380	0.15721075779
381	0.0436441775853
382	0.0464031457979
383	0.0722536152494
384	0.0973902634545
385	0.0766593869915
386	0.0815959491851
387	0.0337969735725
388	0.0910506761209
389	0.16583709503
390	0.1531369612
391	0.173040234031
392	0.0387113776458
393	0.0372855390547
394	0.065422631121
395	0.0554867588582
396	0.123429034953
397	0.116417175262
398	0.0914088932627
399	0.13276879026
400	0.152747435135
401	0.134442579327
402	0.274073955508
403	0.141535495516
404	0.0
405	0.0
406	0.044683270261
407	0.113046472002
408	0.0677428398215
409	0.0918966776636
410	0.0489906335659
411	0.0495670580067
412	0.0427210200665
413	0.0435564009737
414	0.0
415	0.036366139913
416	0.0870986774271
417	0.0865372289058
418	0.08174859448
419	0.0348165291873
420	0.0
421	0.0
422	0.0
423	0.0
424	0.0
425	0.0
426	0.0
427	0.0
428	0.151677262651
429	0.147976252531
430	0.0508018724327
431	0.159656985704
432	0.125135258586
433	0.0137784163138
434	0.0137113151692
435	0.0485221517219
436	0.0514013409247
437	0.131334620773
438	0.116483143535
439	0.156269099319
440	0.116579063788
441	0.119073828737
442	0.119760196567
443	0.120415677911
444	0.127782645464
445	0.15844894561
446	0.167241913045
447	0.0715528425595
448	0.0642557112867
449	0.219708467026
450	0.182649905245
451	0.0
452	0.0
453	0.0
454	0.0
455	0.0
456	0.0923418631488
457	0.00571396277187
458	0.00328110288037
459	0.00328347310276
460	0.00329553881727
461	0.00557367537587
462	0.0
463	0.0
464	0.0
465	0.0
466	0.0
467	0.00557367537587
468	0.00329553881727
469	0.00328347310276
470	0.00328110288037
471	0.00571396277187
472	0.244309014171
473	0.276549173072
474	0.275995968371
475	0.275465005436
476	0.118737664195
477	0.23796165749
478	0.145436854051
479	0.275642051894
480	0.436544946026
481	0.398843205491
482	0.540139040379
483	0.573364802541
484	0.14306081525
485	0.125594981727
486	0.0786048587775
487	0.0788641932428
488	0.124698710708
489	0.372223449087
490	0.0245302721222
491	0.100442781346
492	0.097010736808
493	0.0808045319732
494	0.0754030420936
495	0.0992413230924
496	0.0337210219929
497	0.0241330032886
498	0.0692441935349
499	0.0693094900229
500	0.130038271799
501	0.116777021805
502	0.169971888398
503	0.317998979843
504	0.246168623291
505	0.0918913888995
506	0.141798551994
507	0.17670812778
508	0.203606406464
509	0.291716547758
510	0.234984388723
511	0.0930001180504
512	0.0332326413601
513	0.0953506093733
514	0.149093158806
515	0.131461960641
516	0.0
517	0.0406678521743
518	0.0496875828117
519	0.0569239586944
520	0.0849651285419
521	0.34983649959
522	0.250890185324
523	0.305957956495
524	0.357254650317
525	0.218627615529
526	0.244396836786
527	0.24336263716
528	0.145790324557
529	0.116941662773
530	0.215640581331
531	0.190810320763
532	0.132156727041
533	0.0743157951005
534	0.0331069011926
535	0.38248599965
536	0.434588532628
537	0.320983098091
538	0.419628172568
539	0.418493871854
540	0.346703775011
541	0.187201151404
542	0.106077799416
543	0.15101040262
544	0.253130299114
545	0.253570129375
546	0.104129116685
547	0.0889920015109
548	0.0602577408417
549	0.146150963598
550	0.125042749335
551	0.149372261239
552	0.189160049589
553	0.0767460847237
554	0.149303012832
555	0.143056089402
556	0.141916750163
557	0.0173969822427
558	0.0174989144689
559	0.0417473114458
560	0.166176832666
561	0.166807006031
562	0.166759075853
563	0.0392904481877
564	0.190904880977
565	0.442167118666
566	0.519928293933
567	0.294016966414
568	0.336272919505
569	0.265432630632
570	0.227863432355
571	0.379583022567
572	0.526613792706
573	0.297766959121
574	0.341210111576
575	0.348158049877
576	0.216125100285
577	0.0763603662688
578	0.143682858879
579	0.278503368925
580	0.227950667583
581	0.103364504254
582	0.258645751758
583	0.304757980232
584	0.269668015278
585	0.114433139951
586	0.0838418683084
587	0.0955423289152
588	0.135301334828
589	0.251018714289
590	0.261738308967
591	0.335890683489
592	0.342233344135
593	0.357624971788
594	0.230881484128
595	0.184370238176
596	0.203838976803
597	0.368604013856
598	0.21659603605
599	0.22306276274
600	0.279025025001
601	0.269601135536
602	0.155427029721
603	0.320018398046
604	0.428476527253
605	0.389494858108
606	0.322301518687
607	0.374866342269
608	0.382278388666
609	0.375902440634
610	0.312959636409
611	0.186732607233
612	0.45008031788
613	0.379822403647
614	0.34665331513
615	0.159166003228
616	0.139032627539
617	0.127321521917
618	0.190978851877
619	0.292788621469
620	0.189035020101
621	0.0965916969611
622	0.0338957611586
623	0.0306616424114
624	0.0295764183394
625	0.0294605069958
626	0.0505177058963
627	0.0
628	0.0
629	0.148143830481
630	0.144348163277
631	0.0
632	0.0
633	0.091470094353
634	0.019233667828
635	0.107651636252
636	0.107970055614
637	0.107837594777
638	0.107466282377
639	0.0832571709097
640	0.0328532482518
641	0.136255893702
642	0.312430784055
643	0.31162839053
644	0.413825029413
645	0.286900567321
646	0.274323111904
647	0.142265586131
648	0.286314495966
649	0.148118434791
650	0.283563279467
651	0.307893842454
652	0.360705285457
653	0.382288269854
654	0.216239004664
655	0.179625623733
656	0.045471879534
657	0.147996149834
658	0.306112482526
659	0.306203309923
660	0.30154368136
661	0.106936347733
662	0.0906968595223
663	0.204885276222
664	0.203858897478
665	0.0845645744111
666	0.186479472609
667	0.191209089731
668	0.217781764147
669	0.018164014313
670	0.197854528338
671	0.133608531631
672	0.127310594624
673	0.12683540128
674	0.109057965916
675	0.109946258171
676	0.146370237632
677	0.305137497866
678	0.320449345584
679	0.219483258477
680	0.0961193955442
681	0.0380194779876
682	0.0170591235583
683	0.0145125428022
684	0.0
685	0.0
686	0.139796054682
687	0.141143443261
688	0.0
689	0.360857963646
690	0.357988095262
691	0.281896349434
692	0.271745651876
693	0.115454802391
694	0.152459033476
695	0.121306469406
696	0.122300074407
697	0.117836006597
698	0.0258253489643
699	0.0258111699913
700	0.171211472286
701	0.19722339131
702	0.0689090153246
703	0.068643466012
704	0.188139697473
705	0.198965943297
706	0.198690276377
707	0.191596504071
708	0.106936347733
709	0.198325989211
710	0.211304578317
711	0.361811563489
712	0.35728649537
713	0.215611736298
714	0.199635416362
715	0.208975502982
716	0.204775101819
717	0.18356823857
718	0.0109021486584
719	0.138106600613
720	0.195438662423
721	0.233512996744
722	0.163560277848
723	0.356074400641
724	0.346941079532
725	0.551935198403
726	0.547690130955
727	0.0795014345497
728	0.225822716861
729	0.164845423045
730	0.154697604902
731	0.202370389763
732	0.188161569375
733	0.0
734	0.207855114282
735	0.214229197286
736	0.143535413316
737	0.352884867993
738	0.352910696659
739	0.267893122514
740	0.193710955752
741	0.140770796773
742	0.140955406826
743	0.0
744	0.0080834241635
745	0.00743905310043
746	0.00424851666356
747	0.0436535254998
748	0.149633196999
749	0.103267618939
750	0.15355489157
751	0.00013029551621
752	6.6019083882e-06
753	2.51983102814e-07
754	5.3903205949e-06
755	4.22831508133e-06
756	1.10412192836e-05
757	0.000778704115947
758	0.0
759	0.0
760	0.00333349703379
761	0.000621533463166
762	1.10457065554e-05
763	0.00092794889004
764	0.10088329497
765	0.00201634526054
766	9.60759137447e-05
767	4.55262018299e-05
768	0.00063329948102
769	0.00652626538209
770	0.0
771	0.00214977437418
772	4.09345474863e-06
773	7.27954506781e-05
774	0.00188342738499
775	0.00659178330344
776	0.0466739803853
777	0.0
778	0.159046855955
779	0.146586765423
780	0.0214295181895
781	0.0293800822175
782	0.0
783	0.0
784	0.0
785	0.0
786	0.0
787	0.0
788	0.0
789	0.0
790	0.000726813877478
791	2.84953001569e-05
792	2.36658610262e-06
793	1.2899681673e-06
794	3.19178239875e-05
795	0.000193315193135
796	0.00157263912808
797	0.19198734951
798	0.138621861625
799	0.223274460005
800	0.0740934849012
801	0.124714232571
802	0.26885486077
803	0.132906217808
804	0.107930183882
805	0.0744570484887
806	0.258846518681
807	0.216332209478
808	0.110393268272
809	0.00335934283081
810	0.00299152088503
811	0.00225416079719
812	0.00199733574486
813	0.0105070744301
814	0.0
815	0.0
816	0.0
817	0.0
818	0.0
819	0.0105070744301
820	0.00199733574486
821	0.00225416079719
822	0.00299152088503
823	0.00335934283081
824	0.0622092691902
825	0.14246469103
826	0.092533591236
827	0.104738922196
828	0.0
829	0.0650511681453
830	0.0276561526795
831	0.0984126277444
832	0.1531624134
833	0.200463775118
834	0.252072652524
835	0.254050140618
836	0.138621861625
837	0.108019101085
838	0.0839682484249
839	0.00157263912808
840	0.000193315193135
841	3.19178239875e-05
842	1.2899681673e-06
843	2.36658610262e-06
844	2.84953001569e-05
845	0.000726813877478
846	0.0
847	0.0
848	0.0
849	0.146586765423
850	0.188426938172
851	0.0681034985748
852	0.00659178330344
853	0.0
854	0.00188342738499
855	7.27954506781e-05
856	4.09345474863e-06
857	0.00214977437418
858	0.0
859	0.00652626538209
860	0.00063329948102
861	4.55262018299e-05
862	9.60759137447e-05
863	0.00201634526054
864	0.0
865	0.10088329497
866	0.0
867	0.00092794889004
868	1.10457065554e-05
869	0.000621533463166
870	0.00333349703379
871	0.0
872	0.0
873	0.000778704115947
874	1.10412192836e-05
875	4.22831508133e-06
876	5.3903205949e-06
877	2.51983102814e-07
878	6.6019083882e-06
879	0.00013029551621
880	0.0516047442716
881	0.101950147298
882	0.150892883162
883	0.145661458276
884	0.00424851666356
885	0.035429770445
886	0.0417758729826
887	0.0393707356546
888	0.27010081263
889	0.359242175588
890	0.408389314841
891	0.0709387163494
892	0.0314513705367
893	0.0865537546662
894	0.109491172793
895	0.114871142243
896	0.11225655181
897	0.0783885592023
898	0.0726942702907
899	0.0189139384637
900	0.0427684582974
901	0.113702627881
902	0.0
903	0.144348163277
904	0.148143830481
905	0.102365337329
906	0.10276771596
907	0.20678507469
908	0.18776194968
909	0.187993553769
910	0.188880456557
911	0.190018159
912	0.208896317417
913	0.113876888155
914	0.134652602546
915	0.231797617594
916	0.109488191782
917	0.141024282688
918	0.257929113042
919	0.214354549388
920	0.109393501772
921	0.152449020434
922	0.156076903931
923	0.205818748994
924	0.274070830375
925	0.237819373579
926	0.332806639786
927	0.227470684773
928	0.336374672607
929	0.389367742568
930	0.393919526955
931	0.541841782072
932	0.370021834017
933	0.383675816792
934	0.434047785273
935	0.363058094608
936	0.301472917011
937	0.327559577757
938	0.410236172189
939	0.26984181505
940	0.399640967665
941	0.411934998723
942	0.308604162324
943	0.120899089431
944	0.187834386636
945	0.284741595399
946	0.295665810003
947	0.140038292101
948	0.589922926551
949	0.585658331306
950	0.328988544589
951	0.196638960944
952	0.203397956947
953	0.155209172947
954	0.116635531914
955	0.0
956	0.0108948744252
957	0.15844367093
958	0.292142707664
959	0.28880331752
960	0.311728679204
961	0.17190468321
962	0.0436078300267
963	0.151941684399
964	0.258210217713
965	0.26938718076
966	0.438328005852
967	0.482406219007
968	0.443549654265
969	0.180609637893
970	0.398007086433
971	0.407410849281
972	0.407024583984
973	0.436375821872
974	0.538180609436
975	0.42837449962
976	0.165106770272
977	0.149844120427
978	0.221137580157
979	0.324274740355
980	0.258980544072
981	0.238815208508
982	0.173534925526
983	0.0
984	0.0260517169435
985	0.0325359785997
986	0.0290360736642
987	0.113879647548
988	0.153911785877
989	0.209619535387
990	0.154111431467
991	0.169043926631
992	0.0181573917548
993	0.0
994	0.0132867738134
995	0.0127206523599
996	0.0
997	0.0
998	0.0256934481482
999	0.0845078183186
1000	0.285325960745
1001	0.443513654637
1002	0.492887097825
1003	0.477620319577
1004	0.476291280528
1005	0.376525109397
1006	0.340293346651
1007	0.260789135379
1008	0.258438580194
1009	0.147300755899
1010	0.130304281901
1011	0.231883287591
1012	0.175717945301
1013	0.165859652759
1014	0.123398274032
1015	0.00959393088322
1016	0.124056168023
1017	0.124567905304
1018	0.00959013275374
1019	0.00956358586306
1020	0.00940523408966
1021	0.00833315422121
1022	0.0
1023	0.239685529832
1024	0.240914726547
1025	0.126397889727
1026	0.300005400086
1027	0.299021118187
1028	0.299383741924
1029	0.322125993422
1030	0.0
1031	0.0682460130076
1032	0.052439839055
1033	0.0
1034	0.0814978818852
1035	0.530026112533
1036	0.514748382256
1037	0.312738088067
1038	0.405317952058
1039	0.401978836722
1040	0.270878358821
1041	0.304176112564
1042	0.24434992114
1043	0.23707879566
1044	0.156879400012
1045	0.0384166813813
1046	0.228585298638
1047	0.202981951452
1048	0.539514233037
1049	0.390581747748
1050	0.446370104752
1051	0.302037712979
1052	0.136221455859
1053	0.200294918422
1054	0.230496066112
1055	0.241507153033
1056	0.130083504789
1057	0.0
1058	0.0110715912221
1059	0.20873759695
1060	0.216833371635
1061	0.165411198946
1062	0.330616982524
1063	0.385891882704
1064	0.37198133527
1065	0.464009405817
1066	0.346269553363
1067	0.47008485136
1068	0.565135870176
1069	0.566406119414
1070	0.429650977478
1071	0.259291387728
1072	0.204374631299
1073	0.163831247446
1074	0.164211578218
1075	0.00479809889302
1076	0.0247827419609
1077	0.133345616974
1078	0.270464168723
1079	0.257167228578
1080	0.377364607324
1081	0.120763111827
1082	0.198892598586
1083	0.228174278658
1084	0.09427200566
1085	0.110378105671
1086	0.229445771496
1087	0.329125696088
1088	0.251227540883
1089	0.224469872083
1090	0.0309285864787
1091	0.0192045286685
1092	0.0192693862482
1093	0.0234113396711
1094	0.0259483491589
1095	0.127099605918
1096	0.319019918381
1097	0.21629922543
1098	0.212919018568
1099	0.333029463816
1100	0.27918482729
1101	0.27004495467
1102	0.253643535081
1103	0.134379044765
1104	0.280086481309
1105	0.181568987436
1106	0.343996438989
1107	0.565854070663
1108	0.576624390234
1109	0.45273642369
1110	0.257552483986
1111	0.487223903479
1112	0.458091840522
1113	0.376330460617
1114	0.347981836589
1115	0.252076196154
1116	0.118294994784
1117	0.332210925967
1118	0.451137986794
1119	0.302988886166
1120	0.320758496095
1121	0.319836973267
1122	0.191638868561
1123	0.00509741427912
1124	0.0697750358953
1125	0.0553996673266
1126	0.0132638501196
1127	0.121502929673
1128	0.143180306267
1129	0.139319507384
1130	0.0828261813611
1131	0.0602829795263
1132	0.153649333175
1133	0.154213922033
1134	0.147732164179
1135	0.148019154468
1136	0.147667687118
1137	0.145636975884
1138	0.041574184497
1139	0.0416896237229
1140	0.0659349583142
1141	0.032540031276
1142	0.0224605612301
1143	0.018558607999
1144	0.0189969732606
1145	0.0899487352103
1146	0.209016590241
1147	0.109151730398
1148	0.0841967526239
1149	0.0768556850978
1150	0.183711340468
1151	0.179553398188
1152	0.141984580854
1153	0.208195801758
1154	0.226569802556
1155	0.180117031268
1156	0.0809202114836
1157	0.118804070981
1158	0.328706612082
1159	0.311030271663
1160	0.311650310956
1161	0.0434654764273
1162	0.283306564816
1163	0.240847864131
1164	0.240789477621
1165	0.168167356693
1166	0.177715047507
1167	0.0995593459197
1168	0.104846303197
1169	0.235704479474
1170	0.160982163193
1171	0.194199884606
1172	0.10761876378
1173	0.388553035557
1174	0.396890095166
1175	0.385648307583
1176	0.145021835443
1177	0.0
1178	0.0204525772689
1179	0.0874716082383
1180	0.0909192770075
1181	0.0972406385436
1182	0.0481936227976
1183	0.142600849278
1184	0.148008741757
1185	0.17623181327
1186	0.0490315421205
1187	0.312063307716
1188	0.283619720889
1189	0.35399841639
1190	0.403249731169
1191	0.312230160063
1192	0.301215120551
1193	0.0545396916474
1194	0.0496498981956
1195	0.0234919683153
1196	0.0222070994153
1197	0.0204830760396
1198	0.126892075994
1199	0.134758432261
1200	0.128150838186
1201	0.244714898148
1202	0.232907967642
1203	0.191314590004
1204	0.102574341937
1205	0.0
1206	0.0893672504734
1207	0.111005662514
1208	0.110652945164
1209	0.0975061525458
1210	0.0364597284074
1211	0.0929264890852
1212	0.272855788297
1213	0.251470672537
1214	0.145461501243
1215	0.219330779819
1216	0.244058235797
1217	0.238122402604
1218	0.247967775105
1219	0.247662913094
1220	0.237046733339
1221	0.267051119313
1222	0.268852188648
1223	0.0624070242531
1224	0.117591166843
1225	0.167683616492
1226	0.132415360559
1227	0.0657016315597
1228	0.143714047016
1229	0.106088147572
1230	0.101955433409
1231	0.0480726066098
1232	0.0480130023623
1233	0.0
1234	0.0745206591879
1235	0.077145419916
1236	0.0773594726388
1237	0.16925416528
1238	0.169269716549
1239	0.162433584762
1240	0.0913929165234
1241	0.103092678683
1242	0.0767766991524
1243	0.191120445606
1244	0.292620279623
1245	0.317180401355
1246	0.557709990238
1247	0.611701508455
1248	0.608025915448
1249	0.237742490058
1250	0.234655683294
1251	0.15510983744
1252	0.0
1253	0.0841672971771
1254	0.0816469139884
1255	0.224370407219
1256	0.22450417637
1257	0.224504743362
1258	0.226898912483
1259	0.137841760226
1260	0.0
1261	0.0
1262	0.0
1263	0.0
1264	0.0
1265	0.0
1266	0.0
1267	0.0
1268	0.0
1269	0.0
1270	0.0841112021794
1271	0.224560250549
1272	0.224567313237
1273	0.224567726283
1274	0.224549668523
1275	0.22262502767
1276	0.0
1277	0.0
1278	0.152363068141
1279	0.152032001555
1280	0.159715045894
1281	0.29890693701
1282	0.289926050103
1283	0.28998938609
1284	0.0
1285	0.0298306936187
1286	0.0
1287	0.159707481891
1288	0.159727802705
1289	0.189552174393
1290	0.289996950092
1291	0.130198247398
1292	0.139185456236
1293	0.204387346531
1294	0.356434778994
1295	0.347783080302
1296	0.158288711167
1297	0.284987448566
1298	0.0931608465869
1299	0.0580717649631
1300	0.163310283959
1301	0.160887526476
1302	0.172793744518
1303	0.114315263323
1304	0.0
1305	0.0
1306	0.0
1307	0.120581798998
1308	0.132484063748
1309	0.189786919429
1310	0.189261410422
1311	0.249647286993
1312	0.346228613263
1313	0.22868370896
1314	0.209127224017
1315	0.262031153968
1316	0.150094679122
1317	0.141572399209
1318	0.0773064340117
1319	0.0935134002402
1320	0.202759435591
1321	0.203780405485
1322	0.141746052504
1323	0.0319578107293
1324	0.139756444489
1325	0.110245478486
1326	0.202735647452
1327	0.202016317962
1328	0.202793285669
1329	0.279764420259
1330	0.285546273241
1331	0.176053179175
1332	0.192380362759
1333	0.0
1334	0.0
1335	0.0
1336	0.0
1337	0.351642527042
1338	0.357265466998
1339	0.636097512145
1340	0.738267065727
1341	0.685393149591
1342	0.14765164671
1343	0.0
1344	0.0274508622461
1345	0.28565021327
1346	0.258689739506
1347	0.357366661422
1348	0.301299520967
1349	0.140894289995
1350	0.190159868393
1351	0.0920902385115
1352	0.0102475458863
1353	0.00999916812553
1354	0.010008609326
1355	0.0776003086071
1356	0.126193530954
1357	0.0
1358	0.0363230179171
1359	0.0363539064876
1360	0.162539280629
1361	0.112657957248
1362	0.010008609326
1363	0.0426976926595
1364	0.0429332373631
1365	0.063091755641
1366	0.192453117144
1367	0.151839775737
1368	0.0
1369	0.0
1370	0.0937983609635
1371	0.180858157123
1372	0.328242859334
1373	0.298719586813
1374	0.0429001887836
1375	0.179687027264
1376	0.24960874677
1377	0.217023394965
1378	0.0
1379	0.0286913535009
1380	0.113267277716
1381	0.0
1382	0.0379974122385
1383	0.0174944844206
1384	0.000460389919111
1385	0.000192801350434
1386	0.0776286229124
1387	8.18084852982e-05
1388	2.69686651533e-05
1389	2.90368984003e-05
1390	3.81777834402e-05
1391	0.00125964052397
1392	0.0
1393	0.0
1394	0.0
1395	0.0
1396	0.00125964052397
1397	3.81777834402e-05
1398	2.90368984003e-05
1399	2.69686651533e-05
1400	8.18084852982e-05
1401	0.0776286229124
1402	0.000192801350434
1403	0.000460389919111
1404	0.0405846460244
1405	0.107687001836
1406	0.285390935585
1407	0.33834851215
1408	0.312630668446
1409	0.308414600866
1410	0.402348961266
1411	0.643903170448
1412	0.510623171271
1413	0.613666180543
1414	0.393331796833
1415	0.264610554451
1416	0.314943604456
1417	0.305027328091
1418	0.299855178224
1419	0.268306127706
1420	0.146617022645
1421	0.28049958228
1422	0.178339602958
1423	0.0659887741002
1424	0.103396436287
1425	0.0358841591944
1426	0.0576308118297
1427	0.0220287275876
1428	0.0243264428959
1429	0.0912755408241
1430	0.0902828771293
1431	0.0
1432	0.0558501797394
1433	0.0877116364974
1434	0.0901221911815
1435	0.0896697150538
1436	0.120631423683
1437	0.0906643789846
1438	0.135617904033
1439	0.203386712629
1440	0.315271360422
1441	0.31500371622
1442	0.157894207956
1443	0.238534864278
1444	0.245780880491
1445	0.24781177085
1446	0.432960413197
1447	0.459518944002
1448	0.458986881608
1449	0.335174605681
1450	0.17406134874
1451	0.450306163034
1452	0.309183488415
1453	0.0925022208847
1454	0.252753446912
1455	0.30328912174
1456	0.23446059786
1457	0.232204828225
1458	0.0746889931689
1459	0.0277654013744
1460	0.100081290971
1461	0.0999888925548
1462	0.155306780506
1463	0.0560537652721
1464	0.210833358002
1465	0.194661434853
1466	0.105220616054
1467	0.153456395591
1468	0.15346387202
1469	0.278594156576
1470	0.27564716078
1471	0.267629730611
1472	0.285989233021
1473	0.168565898259
1474	0.268163243291
1475	0.269032135636
1476	0.280084557651
1477	0.346641225631
1478	0.27898060631
1479	0.427471284472
1480	0.559934152149
1481	0.319879342439
1482	0.320721434105
1483	0.0943121461751
1484	0.0
1485	0.0714987763135
1486	0.144274706776
1487	0.299939218104
1488	0.214923677901
1489	0.441600534364
1490	0.429491165187
1491	0.285581603289
1492	0.135983546597
1493	0.218705232465
1494	0.0
1495	0.0
1496	0.0200871495892
1497	0.0
1498	0.0
1499	0.0
1500	0.0
1501	0.0
1502	0.0
1503	0.0574701283466
1504	0.0
1505	0.210726901927
1506	0.210523392147
1507	0.210606390967
1508	0.438129099273
1509	0.209163020077
1510	0.14414131219
1511	0.149488331257
1512	0.19406818782
1513	0.194316483926
1514	0.265027858587
1515	0.325734428954
1516	0.419547790697
1517	0.386499610677
1518	0.215077857269
1519	0.16612313134
1520	0.170394344491
1521	0.169118280584
1522	0.149173802775
1523	0.325598979513
1524	0.327469841757
1525	0.244069724368
1526	0.072436984629
1527	0.0725739352004
1528	0.0866822917369
1529	0.0534329059533
1530	0.0129740167838
1531	0.0118327056961
1532	0.0117825607009
1533	0.0117836478619
1534	0.0117874764992
1535	0.0118108721751
1536	0.159129136919
1537	0.146357080045
1538	0.159281717861
1539	0.159378445222
1540	0.0
1541	0.0
1542	0.0
1543	0.0
1544	0.145058863004
1545	0.199565426287
1546	0.0949116280996
1547	0.122691097509
1548	0.0402791657063
1549	0.0279464978133
1550	0.0
1551	0.0
1552	0.0007590805475
1553	0.000668800475574
1554	0.00144809949665
1555	0.0
1556	0.000315569742101
1557	2.86665874579e-05
1558	2.87946375174e-05
1559	2.85388599565e-05
1560	6.2863127359e-05
1561	9.75970829768e-05
1562	3.13371497175e-05
1563	3.0645482728e-05
1564	4.82552650754e-05
1565	0.0
1566	0.0
1567	0.0
1568	0.0
1569	0.0
1570	0.0
1571	0.0
1572	0.0
1573	0.0
1574	0.0
1575	0.19359143689
1576	0.191997746165
1577	0.196983874055
1578	0.124005574461
1579	0.0
1580	0.065992234524
1581	0.0624346558491
1582	0.0623917526849
1583	0.0698917718211
1584	0.223054481267
1585	0.211926048781
1586	0.211887690006
1587	0.189049394907
1588	0.190689037086
1589	0.0
1590	0.0
1591	0.0
1592	0.0
1593	0.0
1594	0.0
1595	0.0
1596	0.0
1597	0.0
1598	0.0
1599	0.0685358898329
1600	0.177897393848
1601	0.184511393326
1602	0.184530285324
1603	0.185454977436
1604	0.123957707774
1605	0.118473163584
1606	0.0618642568821
1607	0.0727702927978
1608	0.0710595458747
1609	0.0
1610	0.0
1611	0.0
1612	0.0
1613	0.0264046853389
1614	0.0217784122854
1615	0.0217711129906
1616	0.0219010657958
1617	0.0241946006534
1618	0.182445482995
1619	0.00713224989919
1620	0.00642484852434
1621	0.00765358688348
1622	0.155898146825
1623	0.0210928327502
1624	0.0
1625	0.0
1626	0.0
1627	0.0
1628	0.0
1629	0.176990979575
1630	0.00765358688348
1631	0.00642484852434
1632	0.00713224989919
1633	0.0951508690948
1634	0.0530590882148
1635	0.0594604192767
1636	0.0599867094035
1637	0.0
1638	0.110154115741
1639	0.0241946006534
1640	0.0219010657958
1641	0.0217711129906
1642	0.0217784122854
1643	0.0264046853389
1644	0.0
1645	0.167506891977
1646	0.19893558132
1647	0.097134490633
1648	0.0680025825175
1649	0.0382288471824
1650	0.0
1651	0.0269841434565
1652	0.0276272121209
1653	0.163110571743
1654	0.107520182573
1655	0.0
1656	0.0
1657	0.0
1658	0.0
1659	0.0
1660	0.18408954611
1661	0.184675843409
1662	0.184677187598
1663	0.184676219275
1664	0.188147669821
1665	0.0438715385951
1666	0.126896217202
1667	0.118378834926
1668	0.0
1669	0.0
1670	0.0
1671	0.0969856719754
1672	0.2085312191
1673	0.247043101935
1674	0.199346121289
1675	0.122214304131
1676	0.0
1677	0.0668294003433
1678	0.0650071500655
1679	0.0650033061975
1680	0.0650577793845
1681	0.139014215134
1682	0.0375297183809
1683	0.00990282951455
1684	0.0335946855122
1685	0.0377438266433
1686	0.0277692038918
1687	0.0276752244594
1688	0.0245267739625
1689	0.0
1690	0.0
1691	0.0
1692	0.0347337799795
1693	0.0375774315911
1694	0.0376720334064
1695	0.0650665390072
1696	0.189147142018
1697	0.147692807881
1698	0.122294286215
1699	0.121177321946
1700	0.0969856719754
1701	0.0253905644428
1702	0.0660849184439
1703	0.0228626949352
1704	0.022449093483
1705	0.0
1706	0.0
1707	0.119611779988
1708	0.185658887732
1709	0.194016316015
1710	0.18651495269
1711	0.185040513223
1712	0.184465398108
1713	0.123957707774
1714	0.196915337885
1715	0.191933143244
1716	0.193690550068
1717	0.117288889655
1718	0.0
1719	0.0
1720	0.0
