0.000000
0.000000
0.000000
0.000000
0.000000
0.000000
0.000000
0.000000
0.000000
0.000000
0.000000
0.000000
0.000000
0.000000
0.000000
0.000000
0.000000
0.000000
0.000000
0.000000
0.000000
0.000000
0.000000
0.000000
0.000000
0.000000
0.000000
0.000000
0.000000
0.000000
0.000000
0.000000
0.000000
0.000000
0.000000
0.000000
0.000000
0.000000
0.000000
0.000000
0.000000
0.000000
0.000000
0.000000
0.000000
0.000000
0.000000
0.728154
0.423330
0.631903
0.000000
0.359724
0.000000
0.000000
0.000000
0.060478
0.000000
0.850000
0.000000
0.513994
0.000000
0.580146
0.558508
0.000000
0.000000
0.581008
0.000000
0.628655
0.163749
0.482357
0.686346
0.723638
0.414975
0.227176
0.000000
0.758789
0.378908
0.250814
0.291007
0.000000
0.000000
0.531905
0.050810
0.850000
0.331575
0.000000
0.471306
0.000000
0.406428
0.000000
0.000000
0.000000
0.000000
0.000000
0.288894
0.000000
0.850000
0.000000
0.092501
0.096101
0.000000
0.000000
0.000000
0.000000
0.519839
0.000000
0.076281
0.000000
0.342858
0.850000
0.000000
0.120394
0.086920
0.000000
0.000000
0.232772
0.808142
0.519273
0.119429
0.850000
0.850000
0.850000
0.495840
0.000000
0.300162
0.322530
0.000000
0.000000
0.000000
0.000000
0.000000
0.000000
0.000000
0.530348
0.850000
0.000000
0.000000
0.850000
0.252562
0.000000
0.068570
0.000000
0.000000
0.000000
0.000000
0.264287
0.378355
0.000000
0.636344
0.417573
0.037307
0.000000
0.412419
0.000000
0.000000
0.098692
0.000000
0.570519
0.375927
0.000000
0.850000
0.204584
0.850000
0.593032
0.000000
0.391956
0.850000
0.000000
0.000000
0.342171
0.850000
0.016896
0.000000
0.850000
0.030595
0.000000
0.000000
0.850000
0.000000
0.789856
0.800681
0.636744
0.041552
0.000000
0.000000
0.000000
0.000000
0.114615
0.000000
0.769778
0.850000
0.000000
0.509721
0.000000
0.000000
0.000000
0.273332
0.602894
0.741281
0.029014
0.000000
0.303833
0.024735
0.850000
0.657560
0.311091
0.013324
0.000000
0.273300
0.850000
0.492272
0.196856
0.184299
0.240058
0.114427
0.000000
0.000000
0.016926
0.374132
0.000000
0.317549
0.000000
0.363832
0.025996
0.590268
0.000000
0.000000
0.445195
0.278921
0.000000
0.306108
0.000000
0.495659
0.330877
0.000000
0.219135
0.000000
0.850000
0.000000
0.398837
0.068927
0.447299
0.004117
0.000000
0.850000
0.454417
0.850000
0.848917
0.000000
0.850000
0.000000
0.000000
0.000000
0.000000
0.000000
0.000000
0.192656
0.197966
0.000000
0.850000
0.850000
0.000000
0.000000
0.850000
0.000000
0.250347
0.304622
0.850000
0.000000
0.850000
0.850000
0.850000
0.000000
0.000000
0.501033
0.193958
0.000000
0.256858
0.000000
0.850000
0.235931
0.332866
0.444446
0.000000
0.000000
0.301116
0.000000
0.000000
0.850000
0.000000
0.000000
0.000000
0.152240
0.031859
0.034302
0.333634
0.850000
0.850000
0.850000
0.733103
0.566329
0.850000
0.771327
0.720150
0.850000
0.388335
0.731321
0.433602
0.608761
0.403075
0.000000
0.486141
0.000000
0.817811
0.350477
0.850000
0.289276
0.000000
0.131716
0.850000
0.819465
0.850000
0.348405
0.421640
0.801889
0.850000
0.383183
0.850000
0.731453
0.000000
0.386619
0.294227
0.051593
0.000000
0.093896
0.376746
0.582662
0.000000
0.809258
0.063850
0.056062
0.000000
0.104330
0.850000
0.006232
0.633442
0.534516
0.805410
0.772158
0.560300
0.405986
0.000000
0.032093
0.850000
0.173093
0.035342
0.409153
0.412931
0.134012
0.414770
0.217739
0.000000
0.036396
0.850000
0.575005
0.850000
0.850000
0.661295
0.850000
0.273968
0.000000
0.359011
0.020925
0.850000
0.850000
0.850000
0.442220
0.637038
0.296506
0.185855
0.187993
0.550379
0.850000
0.850000
0.000000
0.205961
0.000000
0.497144
0.701831
0.468414
0.277252
0.269972
0.340241
0.669176
0.349094
0.293401
0.466240
0.213795
0.592304
0.130439
0.343906
0.000000
0.119845
0.000000
0.527921
0.850000
0.512822
0.121203
0.850000
0.764180
0.850000
0.839657
0.850000
0.850000
0.850000
0.845692
0.653629
0.194362
0.000000
0.000000
0.622583
0.493521
0.850000
0.229912
0.357750
0.189005
0.000000
0.000000
0.047939
0.000000
0.574819
0.561589
0.563004
0.246347
0.000000
0.694705
0.108934
0.000000
0.850000
0.100228
0.256924
0.405073
0.189863
0.000000
0.237631
0.167198
0.000000
0.850000
0.258638
0.336882
0.514188
0.343577
0.214516
0.000000
0.000000
0.337269
0.028954
0.000000
0.296852
0.066767
0.000000
0.428034
0.850000
0.850000
0.000000
0.000000
0.094850
0.850000
0.000000
0.171840
0.000000
0.180961
0.810372
0.010534
0.340585
0.000000
0.000000
0.000000
0.850000
0.680583
0.000000
0.000000
0.292180
0.000000
0.084638
0.005421
0.000000
0.184461
0.000000
0.000000
0.000000
0.000000
0.478212
0.000000
0.000000
0.578123
0.578332
0.850000
0.000000
0.850000
0.389105
0.000000
0.588561
0.000000
0.337192
0.347111
0.532719
0.000000
0.508041
0.664607
0.850000
0.077850
0.572988
0.242388
0.000000
0.506806
0.592716
0.000000
0.454167
0.074808
0.667366
0.407999
0.793264
0.850000
0.000000
0.217502
0.772693
0.740497
0.850000
0.255614
0.302207
0.000000
0.850000
0.850000
0.850000
0.645152
0.000000
0.015217
0.175404
0.067540
0.638263
0.224617
0.000000
0.511859
0.060631
0.170847
0.850000
0.838205
0.458042
0.292445
0.850000
0.218810
0.541486
0.850000
0.776420
0.512009
0.167309
0.806720
0.415308
0.683940
0.850000
0.678940
0.850000
0.850000
0.740365
0.328591
0.518104
0.289116
0.000000
0.357754
0.735437
0.051388
0.514937
0.850000
0.850000
0.000000
0.465177
0.223281
0.000000
0.627119
0.780615
0.651725
0.238897
0.150180
0.000000
0.000000
0.000000
0.316885
0.000000
0.000000
0.109104
0.850000
0.578195
0.000000
0.454713
0.171494
0.000000
0.809988
0.172279
0.134010
0.850000
0.000000
0.000000
0.000000
0.289995
0.850000
0.000000
0.000000
0.850000
0.850000
0.285801
0.000000
0.220166
0.000000
0.000000
0.286484
0.000000
0.000000
0.541545
0.850000
0.000000
0.000000
0.850000
0.000000
0.502136
0.000000
0.044386
0.000000
0.330952
0.422340
0.000000
0.000000
0.775907
0.000000
0.850000
0.196003
0.000000
0.692643
0.225407
0.850000
0.850000
0.648720
0.562750
0.121073
0.689256
0.336645
0.000000
0.000000
0.038686
0.000000
0.689201
0.173976
0.850000
0.000000
0.850000
0.230540
0.000000
0.129300
0.002115
0.000000
0.000000
0.000000
0.166342
0.348735
0.380976
0.125292
0.000000
0.156260
0.000000
0.607442
0.850000
0.068225
0.259451
0.554781
0.054939
0.850000
0.475438
0.614738
0.000000
0.000000
0.000000
0.014467
0.312472
0.401381
0.850000
0.311445
0.401605
0.850000
0.194261
0.503099
0.000000
0.000000
0.850000
0.764739
0.604191
0.850000
0.850000
0.850000
0.797146
0.000000
0.850000
0.260798
0.776582
0.850000
0.501411
0.739038
0.000000
0.000000
0.000000
0.231861
0.241550
0.267996
0.228982
0.850000
0.349096
0.030602
0.035628
0.850000
0.106665
0.000000
0.400107
0.707853
0.850000
0.233470
0.850000
0.850000
0.061630
0.850000
0.612822
0.850000
0.850000
0.337471
0.474271
0.000000
0.072482
0.000000
0.031773
0.026169
0.365032
0.002546
0.000000
0.338713
0.234289
0.000000
0.000000
0.070169
0.850000
0.695832
0.000000
0.802480
0.850000
0.000000
0.000000
0.000000
0.379215
0.481608
0.210272
0.000000
0.060350
0.393510
0.240049
0.228277
0.000000
0.000000
0.154062
0.000000
0.850000
0.772243
0.722959
0.347869
0.000000
0.155285
0.222082
0.010532
0.000000
0.000000
0.425872
0.850000
0.000000
0.011778
0.143468
0.240069
0.296741
0.113575
0.094054
0.398613
0.850000
0.639465
0.441355
0.850000
0.000000
0.850000
0.742860
0.850000
0.035286
0.000000
0.746629
0.000000
0.457345
0.115955
0.550071
0.000000
0.300933
0.850000
0.097793
0.000000
0.000000
0.175333
0.624636
0.000000
0.225354
0.762669
0.103060
0.850000
0.850000
0.850000
0.850000
0.850000
0.000000
0.850000
0.850000
0.454175
0.000000
0.275310
0.000000
0.210114
0.000000
0.762046
0.203844
0.775540
0.468013
0.693203
0.000000
0.293510
0.000000
0.000000
0.000000
0.174337
0.324438
0.000000
0.000000
0.000000
0.000000
0.000000
0.755392
0.850000
0.850000
0.000000
0.175707
0.642672
0.000000
0.352948
0.434819
0.314924
0.338957
0.000000
0.736816
0.006268
0.850000
0.463732
0.850000
0.000000
0.249965
0.850000
0.850000
0.850000
0.000000
0.850000
0.000000
0.850000
0.850000
0.154897
0.850000
0.850000
0.064857
0.850000
0.580974
0.850000
0.371748
0.000000
0.000000
0.178772
0.018460
0.842282
0.298990
0.226641
0.607181
0.000000
0.000000
0.000000
0.850000
0.215641
0.702157
0.000000
0.370529
0.462076
0.024270
0.000000
0.850000
0.307636
0.850000
0.000000
0.512990
0.850000
0.000000
0.065435
0.000000
0.850000
0.850000
0.850000
0.623531
0.419451
0.029206
0.850000
0.850000
0.688712
0.175190
0.850000
0.850000
0.097740
0.268120
0.850000
0.443063
0.000000
0.803895
0.275841
0.850000
0.686190
0.000000
0.297898
0.000000
0.323055
0.850000
0.000000
0.000000
0.850000
0.000000
0.850000
0.850000
0.372723
0.850000
0.850000
0.031891
0.247756
0.850000
0.647037
0.509268
0.000000
0.000000
0.000000
0.850000
0.850000
0.000000
0.000000
0.850000
0.098096
0.850000
0.850000
0.850000
0.850000
0.484337
0.162074
0.000000
0.829916
0.850000
0.251388
0.689555
0.850000
0.850000
0.069994
0.850000
0.782160
0.365264
0.000000
0.850000
0.548210
0.823486
0.000000
0.609749
0.513942
0.845342
0.171069
0.850000
0.850000
0.132027
0.219670
0.000000
0.000000
0.421557
0.234063
0.216943
0.000000
0.000000
0.256685
0.850000
0.599507
0.000000
0.000000
0.360759
0.000000
0.000000
0.000000
0.012585
0.000000
0.613379
0.850000
0.000000
0.000000
0.284448
0.850000
0.256715
0.085787
0.850000
0.850000
0.000000
0.599449
0.850000
0.506219
0.000000
0.000000
0.284401
0.374749
0.661615
0.448810
0.850000
0.000000
0.000000
0.000000
0.000000
0.427125
0.000000
0.181589
0.153273
0.000000
0.850000
0.512429
0.850000
0.801946
0.435847
0.213219
0.200493
0.456438
0.850000
0.850000
0.539223
0.161293
0.000000
0.090614
0.240295
0.850000
0.238197
0.850000
0.850000
0.343654
0.004791
0.166993
0.084638
0.741061
0.049047
0.227048
0.134134
0.850000
0.717822
0.000000
0.000000
0.506197
0.000000
0.850000
0.273481
0.408925
0.000000
0.100429
0.850000
0.850000
0.850000
0.850000
0.479260
0.850000
0.000000
0.399010
0.850000
0.850000
0.492146
0.499993
0.850000
0.850000
0.850000
0.196030
0.586124
0.850000
0.850000
0.850000
0.850000
0.850000
0.850000
0.225699
0.000000
0.635523
0.158328
0.000000
0.000000
0.369772
0.504108
0.350855
0.510327
0.565721
0.047271
0.000000
0.201287
0.164656
0.850000
0.733436
0.000000
0.055334
0.291739
0.169063
0.850000
0.850000
0.258994
0.000000
0.175489
0.154474
0.491154
0.000000
0.850000
0.850000
0.621930
0.581381
0.000000
0.000000
0.850000
0.397083
0.306449
0.371360
0.649137
0.000000
0.008159
0.834025
0.674463
0.419019
0.000000
0.000531
0.490430
0.000000
0.467335
0.000000
0.850000
0.000000
0.000000
0.367273
0.000000
0.000000
0.850000
0.000000
0.078838
0.016894
0.681104
0.441304
0.208645
0.351819
0.158198
0.000000
0.703828
0.209930
0.213001
0.733651
0.000000
0.850000
0.850000
0.523917
0.850000
0.407367
0.000000
0.313966
0.526188
0.317982
0.850000
0.268653
0.356337
0.119395
0.850000
0.850000
0.850000
0.554549
0.187859
0.411068
0.186615
0.000000
0.476605
0.819666
0.502324
0.000000
0.269823
0.135438
0.850000
0.232789
0.850000
0.339644
0.000000
0.210380
0.000000
0.000000
0.000000
0.000000
0.704725
0.602554
0.850000
0.000000
0.000000
0.341746
0.156675
0.453975
0.127168
0.850000
0.613579
0.000000
0.000000
0.000000
0.428139
0.850000
0.000000
0.298993
0.049109
0.000000
0.620163
0.850000
0.752161
0.850000
0.000000
0.068415
0.366696
0.525838
0.333081
0.245176
0.000000
0.580547
0.650532
0.196246
0.850000
0.850000
0.698884
0.388300
0.293514
0.396099
0.000000
0.015613
0.582948
0.798666
0.850000
0.064586
0.416108
0.850000
0.850000
0.099968
0.205894
0.000000
0.694528
0.455110
0.000000
0.201103
0.564970
0.106710
0.000000
0.000000
0.142440
0.623288
0.709108
0.000000
0.850000
0.533495
0.245359
0.532300
0.000000
0.000000
0.300557
0.374979
0.850000
0.641665
0.000000
0.802234
0.165045
0.000000
0.480536
0.094127
0.000000
0.678727
0.850000
0.850000
0.850000
0.850000
0.096754
0.427921
0.000000
0.072452
0.392673
0.125460
0.000000
0.840623
0.000000
0.850000
0.850000
0.000000
0.000000
0.000000
0.316354
0.000000
0.654203
0.453091
0.211537
0.740478
0.572141
0.646507
0.008682
0.012459
0.047060
0.850000
0.850000
0.481170
0.000000
0.000000
0.612892
0.472920
0.344102
0.093834
0.000000
0.341050
0.037175
0.119404
0.444247
0.612777
0.000000
0.000000
0.476648
0.850000
0.850000
0.850000
0.244806
0.850000
0.571212
0.216725
0.474772
0.850000
0.147826
0.511834
0.850000
0.000000
0.752905
0.850000
0.000000
0.441221
0.755723
0.493504
0.016832
0.000000
0.850000
0.000000
0.000000
0.424052
0.000000
0.468468
0.850000
0.850000
0.850000
0.850000
0.000000
0.387080
0.002461
0.138526
0.280583
0.064515
0.557554
0.065811
0.084841
0.000000
0.660514
0.850000
0.850000
0.838406
0.599658
0.036439
0.493982
0.850000
0.012909
0.850000
0.010186
0.000000
0.239315
0.433086
0.206723
0.135090
0.150063
0.850000
0.850000
0.317997
0.850000
0.850000
0.486222
0.126807
0.000000
0.010233
0.000000
0.474266
0.000000
0.000000
0.138248
0.209010
0.000000
0.000000
0.482566
0.135892
0.757968
0.000000
0.000000
0.850000
0.850000
0.455844
0.706430
0.850000
0.530141
0.307787
0.000000
0.123877
0.485417
0.000000
0.395815
0.000000
0.068961
0.000000
0.221341
0.665200
0.025512
0.000000
0.668709
0.000000
0.633830
0.623004
0.000000
0.091636
0.000000
0.000000
0.511104
0.850000
0.000000
0.641801
0.000000
0.000000
0.850000
0.850000
0.066995
0.296438
0.448458
0.000000
0.000000
0.072316
0.000000
0.450889
0.376164
0.556365
0.000000
0.000000
0.000000
0.850000
0.850000
0.000000
0.539631
0.000000
0.129244
0.000000
0.273464
0.000000
0.000000
0.000000
0.000000
0.000000
0.000000
0.000000
0.000000
0.000000
0.000000
0.000000
0.000000
0.000000
0.000000
0.000000
0.000000
0.000000
0.000000
0.000000
0.000000
0.000000
0.000000
0.000000
0.000000
0.000000
0.000000
0.000000
0.000000
0.000000
0.000000
0.000000
0.000000
0.000000
0.000000
0.000000
0.000000
0.000000
0.000000
0.000000
0.000000
0.000000
0.000000
0.000000
0.000000
0.000000
0.000000
0.000000
0.000000
0.000000
0.000000
0.000000
0.000000
0.000000
0.000000
0.000000
0.000000
0.000000
0.000000
0.000000
0.000000
0.000000
0.000000
0.000000
0.000000
0.000000
0.000000
0.000000
0.000000
0.000000
0.000000
0.000000
0.000000
0.000000
0.000000
