1	0.0
2	0.173020151473
3	0.28322092208
4	0.28280635929
5	0.0
6	0.00692784096894
7	0.00792843759093
8	0.00755607618963
9	0.0
10	0.164595532652
11	0.243855892796
12	0.12133835211
13	0.0
14	0.0
15	0.0
16	0.0468821228755
17	0.0374008318523
18	0.0750830808048
19	0.0817739814438
20	0.195784695642
21	0.202497075152
22	0.0
23	0.0144992893999
24	0.214692664786
25	0.37174135063
26	0.366943472702
27	0.29165901998
28	0.152819093557
29	0.0056694157639
30	0.0393288137623
31	0.198411829116
32	0.127171335075
33	0.134427336178
34	0.321120702219
35	0.299657732636
36	0.33315064571
37	0.333505191902
38	0.0
39	0.269198682511
40	0.398888145739
41	0.398141825599
42	0.308581850631
43	0.0237311444322
44	0.0
45	0.0591164012269
46	9.76149874521e-06
47	3.76434927589e-06
48	3.76030334324e-06
49	0.0011783875602
50	0.21914627601
51	0.102084031679
52	0.02542668622
53	0.115526223531
54	0.05937843599
55	0.0
56	0.0
57	0.0
58	0.0617805070874
59	0.08480512221
60	0.085314054748
61	0.13029924492
62	0.033759763773
63	0.0
64	1.59347752102e-05
65	3.33602628208e-06
66	5.84858514428e-06
67	0.034642476027
68	0.0
69	0.0
70	0.0
71	0.0
72	0.034642476027
73	5.84858514428e-06
74	3.33602628208e-06
75	1.59347752102e-05
76	0.0
77	0.0
78	0.0367559296018
79	0.0323465690914
80	0.0565004619993
81	0.0011783875602
82	3.76030334324e-06
83	3.76434927589e-06
84	9.76149874521e-06
85	0.155778600969
86	0.149551906949
87	0.14975354518
88	0.146791634372
89	0.0
90	0.0384221700351
91	0.0329012491735
92	0.0110096274962
93	0.140331537805
94	0.138174669668
95	0.12564302051
96	0.0693909154892
97	0.0
98	0.0
99	0.0185757752619
100	0.0860737539998
101	0.051325434443
102	0.0471867621881
103	0.0436747959499
104	0.0142738403653
105	0.256821933282
106	0.0635487322062
107	0.0389917319518
108	0.0
109	0.00167174944612
110	8.14899507006e-06
111	7.99273308914e-07
112	1.83113278633e-05
113	0.000218822061676
114	0.0789880365704
115	0.0
116	0.0546708401569
117	0.0
118	0.0788002958501
119	0.0773132037267
120	0.0163274869091
121	0.0702081342714
122	0.0701791173861
123	0.0701783961787
124	0.0805996653191
125	0.0173533767944
126	0.00201669943676
127	0.00310804727098
128	0.0215353126348
129	0.0653670002633
130	0.0519787580526
131	0.0347986817386
132	0.0415890189704
133	0.00198348853962
134	0.00169893459506
135	0.086220352605
136	0.0220585946994
137	0.00760783159999
138	0.000599372685144
139	0.000577930389647
140	0.0415441145909
141	0.0
142	0.154629724859
143	0.159546696462
144	0.0
145	0.0202949763292
146	0.00539392138977
147	0.00541147992726
148	0.0
149	0.0
150	0.0
151	0.0113619344025
152	0.000467037938193
153	0.000373589614725
154	0.00041532744051
155	0.0156208823932
156	0.202016626521
157	0.179150859128
158	0.200722657765
159	0.20344656021
160	0.0
161	0.0
162	0.29224787472
163	0.297148075788
164	0.380926224567
165	0.262014780302
166	0.298758265081
167	0.379970004928
168	0.12922308709
169	0.0880447980764
170	0.0
171	0.0
172	0.0
173	0.283165134516
174	0.393558627171
175	0.357007414702
176	0.259828930138
177	0.145702607626
178	0.0912288213925
179	0.126761698942
180	0.262171985297
181	0.372915732085
182	0.239423010326
183	0.128963985003
184	0.190838287246
185	0.311411576495
186	0.179232455652
187	0.269166659986
188	0.262119602381
189	0.0934136658852
190	0.203251747858
191	0.0689303486663
192	0.0653269586837
193	0.191872066463
194	0.192656489626
195	0.199481957102
196	0.127316292844
197	0.078286723583
198	0.0779300667106
199	0.0
200	0.0
201	0.0
202	0.0316890650769
203	0.0445324355659
204	0.0457908918626
205	0.0
206	0.0779300667106
207	0.078286723583
208	0.0
209	0.0273720123982
210	0.143169779062
211	0.146490167165
212	0.147052544547
213	0.0653269586837
214	0.0689303486663
215	0.0889683525539
216	0.160074287167
217	0.183648012606
218	0.248060866843
219	0.178226705069
220	0.207686463155
221	0.366923475667
222	0.353420854957
223	0.354865276715
224	0.225194563202
225	0.209939463818
226	0.199521876562
227	0.361986768398
228	0.303111377781
229	0.0
230	0.0
231	0.0
232	0.0248389633051
233	0.0248170428171
234	0.0857575108817
235	0.0652183028503
236	0.06692327947
237	0.0
238	0.0
239	0.154356141976
240	0.0940027893494
241	0.0939871259318
242	0.0559326910946
243	0.0584387222945
244	0.0506184836072
245	0.265622532451
246	0.0156208823932
247	0.00041532744051
248	0.000373589614725
249	0.000467037938193
250	0.0113619344025
251	0.0
252	0.0
253	0.00541147992726
254	0.00539392138977
255	0.0202949763292
256	0.159546696462
257	0.154629724859
258	0.0
259	0.0415441145909
260	0.000577930389647
261	0.000599372685144
262	0.00760783159999
263	0.0
264	0.108278947304
265	0.00169893459506
266	0.00198348853962
267	0.0415890189704
268	0.0
269	0.0232497723402
270	0.0563339943734
271	0.0519787580526
272	0.0421172279232
273	0.00310804727098
274	0.00201669943676
275	0.0173533767944
276	0.0345319456477
277	0.0597157320609
278	0.0162078950859
279	0.069639535103
280	0.0701348917322
281	0.0701790420865
282	0.0540836093388
283	0.0775671461884
284	0.0791433915334
285	0.0229530252228
286	0.0
287	0.0272507729846
288	0.0
289	0.0
290	0.0229530252228
291	0.0
292	0.0
293	0.017878622108
294	0.0708437587471
295	0.0709242824151
296	0.187372464373
297	0.296877725944
298	0.10072509108
299	0.100533251878
300	0.0
301	0.0299816999491
302	0.0345319456477
303	0.0
304	0.0
305	0.0
306	0.0508656332073
307	0.0539705010928
308	0.101072834161
309	0.184078479545
310	0.293034879875
311	0.0706703399534
312	0.0705006630638
313	0.017878622108
314	0.0274200671723
315	0.0789880365704
316	0.000218822061676
317	1.83113278633e-05
318	7.99273308914e-07
319	8.14899507006e-06
320	0.00167174944612
321	0.0
322	0.0389917319518
323	0.0635487322062
324	0.153523967396
325	0.13469110573
326	0.0490866153441
327	0.0470801468325
328	0.043285085187
329	0.0588338634098
330	0.127984335821
331	0.13828405008
332	0.158787298017
333	0.150240315789
334	0.0173824990538
335	0.238165580983
336	0.28160910593
337	0.293286450436
338	0.293922093924
339	0.0203788251386
340	0.189084537965
341	0.20820411617
342	0.185087600923
343	0.091440260713
344	0.0773037621603
345	0.0799642914371
346	0.113228262083
347	0.176309855696
348	0.0263218138682
349	0.0324789539026
350	0.0282477310061
351	0.0144126807173
352	0.0
353	0.163899704045
354	0.15436692972
355	0.169138219703
356	0.169274151912
357	0.224204747555
358	0.138724512163
359	0.139428090181
360	0.265004484062
361	0.264402699133
362	0.259139052811
363	0.243830599254
364	0.273399336808
365	0.272892157848
366	0.195991832732
367	0.338997855727
368	0.234485805391
369	0.153438353291
370	0.214766572559
371	0.276660188038
372	0.214238520282
373	0.293498186167
374	0.137369332746
375	0.137068339008
376	0.0
377	0.0
378	0.293416458942
379	0.214809318524
380	0.226274032695
381	0.159813213939
382	0.088179547646
383	0.279439456506
384	0.256325436222
385	0.0
386	0.0
387	0.0
388	0.0511947031697
389	0.322683234413
390	0.323387534965
391	0.413272932035
392	0.0903579089478
393	0.0911190900331
394	0.137068339008
395	0.137369332746
396	0.278911168507
397	0.276330878697
398	0.29387084893
399	0.172555314399
400	0.109137522959
401	0.0
402	0.00612468030315
403	0.0
404	0.0
405	0.0
406	0.0
407	0.0
408	0.0
409	0.098293370263
410	0.0
411	0.141916593833
412	0.0
413	0.0228963395746
414	0.0
415	0.0452753636238
416	0.078390222355
417	0.0390987142619
418	0.198493176939
419	0.0511702900171
420	0.0
421	0.0
422	0.0
423	0.0
424	0.0
425	0.0
426	0.0
427	0.0
428	0.240307049944
429	0.203498824456
430	0.17306057839
431	0.149008944248
432	0.0350011313477
433	0.0813023666997
434	0.0818634533442
435	0.281382175663
436	0.299186812621
437	0.165282151559
438	0.428313310734
439	0.14039708129
440	0.120200112415
441	0.136683681696
442	0.0
443	0.00717136045991
444	0.0068844772272
445	0.0
446	0.0
447	0.0550325425455
448	0.0379657147747
449	0.0387979090757
450	0.157799281515
451	0.0
452	0.105282334402
453	0.103978819106
454	0.0
455	0.0
456	0.0262063686674
457	0.000358355588393
458	0.000236735101783
459	0.000238670809121
460	0.000233815432151
461	0.0016110013249
462	0.0
463	0.0
464	0.0
465	0.0
466	0.0
467	0.0016110013249
468	0.000233815432151
469	0.000238670809121
470	0.000236735101783
471	0.000358355588393
472	0.0262063686674
473	0.146635371963
474	0.177914363336
475	0.268258784366
476	0.221218452823
477	0.0791433784714
478	0.0
479	0.0
480	0.0
481	0.00637654296196
482	0.00169790612918
483	0.000846629768186
484	0.000144925480705
485	0.00014467361719
486	0.000146906317095
487	0.000167320584636
488	0.00206820059407
489	0.00700168903777
490	0.0
491	0.0769048894258
492	0.0734447991506
493	0.0828535281151
494	0.0506963749339
495	0.0228245377452
496	0.0206260679507
497	0.0617730562475
498	0.0823937540349
499	0.0600428124197
500	0.055743444037
501	0.0209804823276
502	0.0182870047954
503	0.0
504	0.0
505	0.0
506	0.0340131881515
507	0.124671932244
508	0.0985142409839
509	0.173233855473
510	0.19319923275
511	0.0685975933138
512	0.165887113501
513	0.198068986351
514	0.0441158355061
515	0.0180353707373
516	0.0
517	0.0416305107031
518	0.162590085978
519	0.169263493824
520	0.27391910187
521	0.279600108736
522	0.0484418193841
523	0.088721912038
524	0.351951561032
525	0.355014024215
526	0.148039840092
527	0.148033289667
528	0.159968966287
529	0.106948071494
530	0.10509067794
531	0.105070396262
532	0.105046552175
533	0.000144925480705
534	0.000846629768186
535	0.192643759114
536	0.197298927834
537	0.0
538	0.115876267433
539	0.136583069964
540	0.0785504208385
541	0.0911755232869
542	0.210540476723
543	0.113300574805
544	0.0243969344385
545	0.0237405719836
546	0.0101366668183
547	0.0154324880997
548	0.170403529724
549	0.0374032886265
550	0.0376067063437
551	0.0472119608555
552	0.0344533048171
553	0.00813179584242
554	0.0198276773694
555	0.00881263873683
556	0.0
557	0.0
558	0.0
559	0.0221409408675
560	0.0213404044189
561	0.0179428784804
562	0.0208680051841
563	0.181293160356
564	0.064017748861
565	0.0589912991419
566	0.0589780522407
567	0.036169328033
568	0.282478675088
569	0.322143431859
570	0.144514143541
571	0.439089539198
572	0.442079740329
573	0.371987629771
574	0.323489893116
575	0.390553534502
576	0.168582787431
577	0.44697864589
578	0.589748849006
579	0.55542238368
580	0.240617144941
581	0.26224217673
582	0.574054189991
583	0.592539616752
584	0.57615411038
585	0.428249423658
586	0.378501839939
587	0.316104960216
588	0.160678670929
589	0.586476911569
590	0.721882249196
591	0.639868714596
592	0.17212988758
593	0.179646849319
594	0.153516586597
595	0.0519039725744
596	0.131216171765
597	0.549194075145
598	0.594329029922
599	0.605234892565
600	0.5686020763
601	0.250667646113
602	0.257219011196
603	0.459925893059
604	0.603680909305
605	0.606290970443
606	0.626172390747
607	0.507664645542
608	0.195997024436
609	0.22028781887
610	0.306167270339
611	0.310394002987
612	0.19392821878
613	0.00972580310547
614	0.0227161276484
615	0.106287097288
616	0.175285280115
617	0.25714947008
618	0.374865752398
619	0.39894454921
620	0.180904602183
621	0.0870574871633
622	0.287778126555
623	0.321313898475
624	0.325685209219
625	0.325729571997
626	0.239139340175
627	0.0
628	0.0328225466909
629	0.100811910981
630	0.0977161244739
631	0.034180539215
632	0.0
633	0.126805695888
634	0.149823982657
635	0.286485609505
636	0.402234837499
637	0.407025527571
638	0.407060347204
639	0.414076089369
640	0.309594646551
641	0.496657998228
642	0.49791543479
643	0.334359875899
644	0.520499541337
645	0.614957021006
646	0.60294664974
647	0.344897986829
648	0.447052922083
649	0.127535614153
650	0.461601085476
651	0.62971699776
652	0.920989639295
653	0.786371258458
654	0.393140371854
655	0.382789187713
656	0.251322321997
657	0.227392504037
658	0.415125929066
659	0.415771356504
660	0.409822641392
661	0.147854904601
662	0.258694214439
663	0.250371887884
664	0.250311332819
665	0.244324400028
666	0.116914270514
667	0.130023266243
668	0.241092383953
669	0.118122460182
670	0.211287343848
671	0.200438003965
672	0.200216792839
673	0.200191665292
674	0.0854043233055
675	0.0998409067476
676	0.0154952881987
677	0.20452111287
678	0.256048642217
679	0.195985947947
680	0.174149685201
681	0.116593146435
682	0.101721859942
683	0.0901343695414
684	0.0
685	0.0
686	0.114187037131
687	0.0941187448312
688	0.0
689	0.309206150761
690	0.286521756777
691	0.236712243905
692	0.105370548772
693	0.0817031782456
694	0.0926758580345
695	0.024216583113
696	0.0363148506404
697	0.0230075409472
698	0.13009960037
699	0.129990305549
700	0.14376438745
701	0.137495615103
702	0.13988913989
703	0.0982200317368
704	0.0982883485718
705	0.210293904673
706	0.210576754295
707	0.211257509191
708	0.11148364265
709	0.199972432059
710	0.345721715055
711	0.498089277627
712	0.512646600468
713	0.319419238977
714	0.245126388997
715	0.20295216244
716	0.199780775437
717	0.0904138466313
718	0.0
719	0.130602605928
720	0.448694809685
721	0.452501872786
722	0.390574109886
723	0.501112494198
724	0.373772571575
725	0.396533826827
726	0.442471123282
727	0.214421002292
728	0.306795634487
729	0.277993192751
730	0.305723867116
731	0.158808706371
732	0.209362314014
733	0.0887500217001
734	0.162588090971
735	0.177478093535
736	0.170118929592
737	0.281043475433
738	0.28101008371
739	0.146451442281
740	0.143712169534
741	0.198640969511
742	0.193629029254
743	0.014337903856
744	0.0455233973466
745	0.0429165631259
746	0.0343447186049
747	0.0766030124148
748	0.172795731918
749	0.0393310101648
750	0.0176848279009
751	0.0123706323037
752	0.0123687426302
753	0.0123675103456
754	0.00280317870923
755	0.00283222086066
756	0.00279258930933
757	0.00289953482727
758	0.0
759	0.0309489794729
760	0.0683613019257
761	0.0387545629638
762	0.0204746124579
763	0.04290425927
764	0.0708083954071
765	0.293000947256
766	0.166394471857
767	0.24436463015
768	0.231570366673
769	0.229762219646
770	0.0862586961135
771	0.281436814486
772	0.002886372765
773	0.00289000033312
774	0.00431192397998
775	0.00554042432915
776	0.045634215887
777	0.0
778	0.0937091747972
779	0.105131421091
780	0.0
781	0.0
782	0.0
783	0.0
784	0.0
785	0.0
786	0.0
787	0.0
788	0.0
789	0.0
790	0.0007710447904
791	4.51439160524e-05
792	3.59358970683e-06
793	9.68508190614e-07
794	1.8946622827e-05
795	0.000341489466214
796	0.000681556778557
797	0.0690029985735
798	0.113362499157
799	0.109660234877
800	0.0
801	0.0273063007237
802	0.137553138202
803	0.134657443441
804	0.0469960907802
805	0.17747865248
806	0.0208010762841
807	0.326780214322
808	0.00404046781684
809	7.571185202e-05
810	6.49662976643e-05
811	7.18837262387e-05
812	0.000140696397069
813	0.036525140356
814	0.0
815	0.0
816	0.0
817	0.0
818	0.0
819	0.036525140356
820	0.000140696397069
821	7.18837262387e-05
822	6.49662976643e-05
823	7.571185202e-05
824	0.00404046781684
825	0.0208010762841
826	0.0210419630987
827	0.0343968988056
828	0.0481541318672
829	0.235437846659
830	0.185538171302
831	0.156436689382
832	0.0
833	0.0469960907802
834	0.0467544359185
835	0.15836954629
836	0.113362499157
837	0.0799487151804
838	0.0163605841167
839	0.000681556778557
840	0.000341489466214
841	1.8946622827e-05
842	9.68508190614e-07
843	3.59358970683e-06
844	4.51439160524e-05
845	0.0007710447904
846	0.0
847	0.0
848	0.0
849	0.105131421091
850	0.0937091747972
851	0.045634215887
852	0.00554042432915
853	0.0
854	0.00431192397998
855	0.00289000033312
856	0.002886372765
857	0.125124523906
858	0.162804589384
859	0.228347017437
860	0.234916979608
861	0.161644752067
862	0.250351537545
863	0.246768560338
864	0.134758552405
865	0.0612271195515
866	0.0
867	0.0333231640831
868	0.0143357446465
869	0.0731482184114
870	0.071408924754
871	0.00479595805498
872	0.0052808103369
873	0.00818259206813
874	0.00801005139285
875	0.00283222086066
876	0.0101569174323
877	0.0120955730182
878	0.0120969615581
879	0.0120877778078
880	0.00819688482905
881	0.0
882	0.179593860974
883	0.135407785011
884	0.0728168649698
885	0.09851547768
886	0.108844530999
887	0.059771374827
888	0.319903528536
889	0.423232069641
890	0.336936781644
891	0.170648884487
892	0.174444248577
893	0.233285320015
894	0.35533119384
895	0.364784288353
896	0.330829007703
897	0.368444317271
898	0.403561042526
899	0.221185240656
900	0.190677984956
901	0.145670295967
902	0.0447912653657
903	0.142985757029
904	0.145131795749
905	0.103577900474
906	0.0680749891871
907	0.346963890406
908	0.380702973047
909	0.386013121248
910	0.358980649573
911	0.275984788748
912	0.029927168959
913	0.0
914	0.178686248629
915	0.231498632501
916	0.0453151231922
917	0.0
918	0.0
919	0.0
920	0.0
921	0.0
922	0.0139882489038
923	0.0234985864475
924	0.12592870601
925	0.129633963063
926	0.128657375946
927	0.123738301337
928	0.360926624448
929	0.555133044343
930	0.525852899384
931	0.518126371978
932	0.40065818002
933	0.47057653406
934	0.617890238463
935	0.409085705466
936	0.517887474314
937	0.487882986426
938	0.389080026282
939	0.133380007727
940	0.454632222007
941	0.685901346743
942	0.55002663447
943	0.276825523302
944	0.231487506602
945	0.195240427048
946	0.255606014824
947	0.335398424458
948	0.611321013249
949	0.615668531124
950	0.259551589595
951	0.277211369049
952	0.0902262968222
953	0.00960440551051
954	0.0999892482268
955	0.310836230083
956	0.335247160972
957	0.465201632288
958	0.52826365931
959	0.5261071146
960	0.360420083607
961	0.35191062605
962	0.341191756949
963	0.601738379646
964	0.876285081618
965	0.89297744129
966	0.860028929368
967	0.937496538292
968	0.373477090667
969	0.109827555359
970	0.124090359285
971	0.127194376737
972	0.00384569013163
973	0.000762016433247
974	0.000759774168676
975	0.0779835433371
976	0.000803673354359
977	0.000742048451302
978	0.000775837956294
979	0.00869318127513
980	0.0538556320624
981	0.205009714952
982	0.363575672166
983	0.159318871793
984	0.0
985	0.0
986	0.0
987	0.0807550781581
988	0.2048629401
989	0.123654081644
990	0.0
991	0.0
992	0.0
993	0.0
994	0.0
995	0.213174503856
996	0.159313287216
997	0.00869318127513
998	0.000775837956294
999	0.000742048451302
1000	0.000803673354359
1001	0.0779835433371
1002	0.000759774168676
1003	0.000762016433247
1004	0.00384569013163
1005	0.0
1006	0.0713168482263
1007	0.146897245139
1008	0.107891655638
1009	0.109697570833
1010	0.0332724414505
1011	0.279331280159
1012	0.271675912576
1013	0.272564118455
1014	0.256354645775
1015	0.135676818258
1016	0.234287027014
1017	0.243734951041
1018	0.0965675490948
1019	0.214867696586
1020	0.209532512733
1021	0.199633032293
1022	0.113959041863
1023	0.243885192873
1024	0.366908553282
1025	0.362109388675
1026	0.490094857871
1027	0.487872087588
1028	0.4929517424
1029	0.378789864439
1030	0.00377112501606
1031	0.0165487919502
1032	0.00907458174924
1033	0.0
1034	0.00937372213125
1035	0.555174935053
1036	0.566024230182
1037	0.433479002638
1038	0.43334724095
1039	0.301927143738
1040	0.0460605549041
1041	0.0215526287962
1042	0.0146400683673
1043	0.0146419196998
1044	0.102111330647
1045	0.0
1046	0.0
1047	0.0
1048	0.110521057532
1049	0.0142898392714
1050	0.0142841459598
1051	0.021024984889
1052	0.0667783091667
1053	0.210948902638
1054	0.245524111062
1055	0.428885447651
1056	0.309753522065
1057	0.261653239651
1058	0.256855549098
1059	0.405447787552
1060	0.402103531456
1061	0.395162601427
1062	0.522500819639
1063	0.522596523038
1064	0.383479655054
1065	0.388206648397
1066	0.289760089347
1067	0.374375864868
1068	0.348646017787
1069	0.350859649007
1070	0.326360310986
1071	0.261537519443
1072	0.201662934346
1073	0.0
1074	0.0
1075	0.0851036891122
1076	0.119296099504
1077	0.149391599024
1078	0.206625840543
1079	0.20154008042
1080	0.31980228658
1081	0.158633606474
1082	0.299889170962
1083	0.280794829279
1084	0.133919859083
1085	0.133339522502
1086	0.160683260731
1087	0.483208425792
1088	0.488629764713
1089	0.356393136542
1090	0.0166309863647
1091	0.0553591058201
1092	0.132190926962
1093	0.264526597741
1094	0.131926730112
1095	0.0578401021741
1096	0.321906103495
1097	0.185083441581
1098	0.138359232151
1099	0.441353534049
1100	0.448817667818
1101	0.453621879428
1102	0.454414005232
1103	0.173576104716
1104	0.183259174385
1105	0.131888346801
1106	0.315405516261
1107	0.425962728855
1108	0.427931195177
1109	0.425690072286
1110	0.349349782935
1111	0.34248606731
1112	0.39358352319
1113	0.327130216391
1114	0.395375456897
1115	0.447393296426
1116	0.496441965922
1117	0.504341712882
1118	0.337844702293
1119	0.274906420772
1120	0.0652855644419
1121	0.0547063016193
1122	0.0526194013903
1123	0.0165487919502
1124	0.0517534280117
1125	0.0
1126	0.0809372048064
1127	0.418306439082
1128	0.464243472655
1129	0.430728303282
1130	0.382245439625
1131	0.253444488435
1132	0.0523568341368
1133	0.135903113856
1134	0.140955798756
1135	0.140743203249
1136	0.138303486182
1137	0.12965094281
1138	0.0903860063166
1139	0.0993966361599
1140	0.247525315636
1141	0.243722382665
1142	0.0294853185945
1143	0.00448265688326
1144	0.0
1145	0.0310032682463
1146	0.226015786564
1147	0.234332706395
1148	0.0514904426648
1149	0.0514511251775
1150	0.148615113089
1151	0.148638663717
1152	0.148566586388
1153	0.147839534565
1154	0.0969949050886
1155	0.131859356449
1156	0.10375505168
1157	0.0656487419097
1158	0.399748468668
1159	0.415394709067
1160	0.42175407641
1161	0.0795684007268
1162	0.278710614008
1163	0.308298343777
1164	0.288483027102
1165	0.0
1166	0.0563757335381
1167	0.266731439202
1168	0.388195981634
1169	0.557396737989
1170	0.402233739828
1171	0.346751946595
1172	0.379562591825
1173	0.66361462864
1174	0.677604080848
1175	0.690266188112
1176	0.276799561349
1177	0.116348713315
1178	0.192709879485
1179	0.291094908868
1180	0.332931848064
1181	0.314999428419
1182	0.141473404695
1183	0.181280616689
1184	0.205402490471
1185	0.274729080643
1186	0.191867937469
1187	0.436594845127
1188	0.395164015139
1189	0.437352853352
1190	0.442044950333
1191	0.441172764924
1192	0.329920558289
1193	0.126679685605
1194	0.052720244743
1195	0.0835403191173
1196	0.0189468702329
1197	0.0042436340099
1198	0.351979974772
1199	0.354261235516
1200	0.468506227561
1201	0.435969990144
1202	0.695228665699
1203	0.643315583118
1204	0.497745417378
1205	0.384968205047
1206	0.351265875002
1207	0.169940246647
1208	0.0704938706616
1209	0.0510948317823
1210	0.153400099854
1211	0.333661973625
1212	0.375175899384
1213	0.386276727824
1214	0.185336299243
1215	0.326463156273
1216	0.465217056591
1217	0.45183666928
1218	0.364249718928
1219	0.332758199529
1220	0.563822020283
1221	0.516457177203
1222	0.518276516361
1223	0.212221848368
1224	0.368822981135
1225	0.36340372756
1226	0.300008123634
1227	0.379465831318
1228	0.401647525974
1229	0.193872624509
1230	0.19358107918
1231	0.151829049826
1232	0.29024863498
1233	0.144273957213
1234	0.144282547242
1235	0.143813396873
1236	0.136797480671
1237	0.300502262615
1238	0.550593064806
1239	0.556009724279
1240	0.557309702218
1241	0.540126479965
1242	0.190294200649
1243	0.537193068412
1244	0.472743400256
1245	0.08776562784
1246	0.175187495731
1247	0.510460796818
1248	0.489924012088
1249	0.195160542298
1250	0.159739156227
1251	0.188774057976
1252	0.029002172097
1253	0.00418670928013
1254	0.00294534836292
1255	0.00294952904443
1256	0.00297157867861
1257	0.00295235650001
1258	0.00730320124413
1259	0.0
1260	0.0
1261	0.0
1262	0.0
1263	0.0
1264	0.0
1265	0.0
1266	0.0
1267	0.0
1268	0.0
1269	0.0
1270	0.00730320124413
1271	0.00295235650001
1272	0.00297157867861
1273	0.00294952904443
1274	0.00294534836292
1275	0.00418670928013
1276	0.0817144608576
1277	0.112122789186
1278	0.0771477367927
1279	0.154080585816
1280	0.269567386209
1281	0.292329472606
1282	0.607467673905
1283	0.666973391219
1284	0.52234611189
1285	0.431622370385
1286	0.0961002678847
1287	0.35242854566
1288	0.337275593733
1289	0.393098613149
1290	0.455220924429
1291	0.103229419876
1292	0.150230944656
1293	0.589148060581
1294	0.616229731838
1295	0.55780904563
1296	0.374988940475
1297	0.284696843791
1298	0.12313008895
1299	0.119378643154
1300	0.190766167673
1301	0.314376450577
1302	0.377381337381
1303	0.31288311569
1304	0.208066889979
1305	0.206492612364
1306	0.104462394347
1307	0.291502378212
1308	0.269747407608
1309	0.26339187194
1310	0.360800331776
1311	0.389976441265
1312	0.266206126088
1313	0.155530961828
1314	0.0764886248867
1315	0.101576130133
1316	0.328341998631
1317	0.338112254274
1318	0.159758370272
1319	0.327816476473
1320	0.368199226163
1321	0.377242620199
1322	0.195809096118
1323	0.218601057614
1324	0.219060092905
1325	0.0132107221841
1326	0.32165282175
1327	0.321047700541
1328	0.313800922284
1329	0.366949092467
1330	0.440369599032
1331	0.438847150956
1332	0.398171498262
1333	0.0545494673219
1334	0.0639107327287
1335	0.0111187748239
1336	0.194598420682
1337	0.293261300505
1338	0.243983007581
1339	0.300445283153
1340	0.751576979265
1341	0.740056433468
1342	0.233020319641
1343	0.0
1344	0.218792257653
1345	0.532064766505
1346	0.621131055997
1347	0.741707919105
1348	0.46215427023
1349	0.157432404234
1350	0.113924765549
1351	0.0628660057546
1352	0.0726853797326
1353	0.0728028800008
1354	0.0727931764686
1355	0.0183706376435
1356	0.104222653382
1357	0.0
1358	0.0
1359	0.0555986234993
1360	0.160699662795
1361	0.0748501096983
1362	0.0737625748976
1363	0.0737625711351
1364	0.0737645835615
1365	0.0750037913936
1366	0.198588979647
1367	0.0994583141356
1368	0.0438048876434
1369	0.0
1370	0.0332136095186
1371	0.141834593887
1372	0.43852268769
1373	0.438426729643
1374	0.326387465345
1375	0.348660236299
1376	0.321142146905
1377	0.262905358771
1378	0.0
1379	0.119653330686
1380	0.142701939216
1381	0.00652614658552
1382	0.00662839069383
1383	0.000365486015584
1384	1.35112190692e-06
1385	1.42658281394e-06
1386	0.0775290366262
1387	2.6381783972e-07
1388	8.0995378119e-09
1389	3.24363357679e-07
1390	1.01978760542e-06
1391	3.38919747893e-05
1392	0.0
1393	0.0
1394	0.0
1395	0.0
1396	3.38919747893e-05
1397	1.01978760542e-06
1398	3.24363357679e-07
1399	8.0995378119e-09
1400	2.6381783972e-07
1401	0.0775290366262
1402	1.42658281394e-06
1403	1.35112190692e-06
1404	0.000365486015584
1405	0.0131545372793
1406	0.175055944509
1407	0.414760134866
1408	0.273435770472
1409	0.369295352636
1410	0.213482665619
1411	0.213538409247
1412	0.164703266537
1413	0.161803423572
1414	0.285590545894
1415	0.305220852056
1416	0.15898216158
1417	0.0513682241061
1418	0.0635458947476
1419	0.0556789916723
1420	0.036171233206
1421	0.0402340727129
1422	0.0235337083525
1423	0.0321295775584
1424	0.0302395940267
1425	0.0126425480322
1426	0.0402770787553
1427	0.0567829349008
1428	0.0393706345345
1429	0.0443496705029
1430	0.0743297123107
1431	0.0288827277469
1432	0.128178847334
1433	0.0926561114204
1434	0.0826453678691
1435	0.0644781461849
1436	0.0550107616544
1437	0.052217754985
1438	0.0114839019141
1439	0.00259319494415
1440	0.00256995140574
1441	0.002569385806
1442	0.00258776460465
1443	0.0
1444	0.0
1445	0.0
1446	0.00409297940752
1447	0.003819747009
1448	0.00425307474761
1449	0.0
1450	0.0
1451	0.0
1452	0.0
1453	0.0
1454	0.0
1455	0.0
1456	0.0
1457	0.0
1458	0.0
1459	0.0
1460	0.0
1461	0.0
1462	0.00425307474761
1463	0.003819747009
1464	0.00409297940752
1465	0.0
1466	0.00258776460465
1467	0.002569385806
1468	0.00256995140574
1469	0.00259319494415
1470	0.0339346249603
1471	0.124460920068
1472	0.0598365750045
1473	0.0597891944225
1474	0.0566153243731
1475	0.0
1476	0.121019124583
1477	0.0932696852895
1478	0.0506761030378
1479	0.0456244187073
1480	0.00675572970306
1481	0.00885975347681
1482	0.0
1483	0.0357771629629
1484	0.0317400978853
1485	0.0320357573063
1486	0.0394706254401
1487	0.0182235401458
1488	0.0
1489	0.000213774616359
1490	1.10429671399e-05
1491	4.31396426559e-06
1492	1.09863467855e-05
1493	8.57978672462e-05
1494	0.0
1495	0.0
1496	0.0
1497	0.0
1498	0.0
1499	0.0
1500	0.0
1501	0.0
1502	0.0
1503	0.0
1504	0.0
1505	8.57978672462e-05
1506	1.09863467855e-05
1507	4.31396426559e-06
1508	1.10429671399e-05
1509	0.000213774616359
1510	0.0
1511	0.139545243552
1512	0.139354354631
1513	0.320502905141
1514	0.320516347287
1515	0.310451206819
1516	0.289058781213
1517	0.361416995695
1518	0.0955218067249
1519	0.0510260729097
1520	0.0
1521	0.046923395189
1522	0.0512749969775
1523	0.107955362259
1524	0.263048957268
1525	0.30449893044
1526	0.255751128739
1527	0.389845477273
1528	0.443517855776
1529	0.449872484672
1530	0.23412535969
1531	0.0523906989576
1532	0.16003716756
1533	0.159983479013
1534	0.164029604492
1535	0.265008006277
1536	0.251956690402
1537	0.278842184001
1538	0.381408297083
1539	0.232650473337
1540	0.208949570062
1541	0.208658349111
1542	0.0
1543	0.00799628376652
1544	0.391740118803
1545	0.515572530406
1546	0.499920937011
1547	0.500176460806
1548	0.352045078551
1549	0.187948501024
1550	0.188955328392
1551	0.257183934412
1552	0.0752972640248
1553	0.187610511126
1554	0.379578048866
1555	0.350600620927
1556	0.414466871774
1557	0.416697573732
1558	0.418088701589
1559	0.199030099541
1560	0.196757812158
1561	0.193315673296
1562	0.200861242972
1563	0.280812146232
1564	0.280875198826
1565	0.416615296847
1566	0.202344126598
1567	0.0
1568	0.0
1569	0.0
1570	0.0
1571	0.0
1572	0.0
1573	0.0
1574	0.00732460118015
1575	0.164500196435
1576	0.203895811723
1577	0.423091028104
1578	0.425568347581
1579	0.440700249275
1580	0.456941437284
1581	0.456790852831
1582	0.396653641224
1583	0.313334454926
1584	0.62669173756
1585	0.523583376645
1586	0.387582248227
1587	0.813247602368
1588	0.785703990225
1589	0.0252820873956
1590	0.0432316437918
1591	0.0419449306869
1592	0.0913965854368
1593	0.0514192514483
1594	0.183369426138
1595	0.183519659064
1596	0.0587698562196
1597	0.260193917867
1598	0.350159839163
1599	0.236791746096
1600	0.15229290032
1601	0.0745044757699
1602	0.0703171983269
1603	0.0660200333941
1604	0.0504539639407
1605	0.0416822336987
1606	0.18380988233
1607	0.0
1608	0.0068313291433
1609	0.0791858351904
1610	0.0810046442018
1611	0.311431085941
1612	0.25268746559
1613	0.339783920237
1614	0.347324601987
1615	0.338479170179
1616	0.201472783962
1617	0.241665307109
1618	0.13335212923
1619	0.15547968459
1620	0.174831529639
1621	0.125038753628
1622	0.103161651131
1623	0.114776296107
1624	0.14066341116
1625	0.0687688305622
1626	0.378665790371
1627	0.372122491313
1628	0.10779030548
1629	0.183574330705
1630	0.495466777067
1631	0.543468871842
1632	0.535046531452
1633	0.205934846734
1634	0.212690338767
1635	0.166476289424
1636	0.0948895122452
1637	0.0731403542297
1638	0.167036983707
1639	0.109945138896
1640	0.109043770281
1641	0.11394184998
1642	0.156511458493
1643	0.161090208996
1644	0.026538090472
1645	0.27381593719
1646	0.28412214302
1647	0.223835541943
1648	0.19632414373
1649	0.145530447516
1650	0.137368281872
1651	0.096924027288
1652	0.0
1653	0.0973529077074
1654	0.103745201513
1655	0.0
1656	0.0296576571496
1657	0.0434958479415
1658	0.00651339090105
1659	0.0
1660	0.19155031246
1661	0.0905181029251
1662	0.0841219703083
1663	0.0958251799743
1664	0.153990110727
1665	0.00733355482163
1666	0.0430469805511
1667	0.0553618354962
1668	0.0610830521178
1669	0.0904501158549
1670	0.0777313444945
1671	0.191834993684
1672	0.164127576153
1673	0.0857399098376
1674	0.085025994286
1675	0.162316553031
1676	0.0796589835425
1677	0.126454729396
1678	0.126923596006
1679	0.0450013079987
1680	0.0449839775723
1681	0.118784856233
1682	0.205248100414
1683	0.325076354196
1684	0.269105157105
1685	0.307049247829
1686	0.239677730482
1687	0.151205797952
1688	0.195993289098
1689	0.149010343882
1690	0.0299894703833
1691	0.0
1692	0.145352976694
1693	0.153409050729
1694	0.153682250991
1695	0.186804565057
1696	0.218300559552
1697	0.207496677843
1698	0.194758090362
1699	0.116434240912
1700	0.107112800531
1701	0.0521174879277
1702	0.0604764724136
1703	0.0345572013583
1704	0.00669301330603
1705	0.0
1706	0.0
1707	0.0910954008449
1708	0.0463259235926
1709	0.0752863748702
1710	0.0817197794732
1711	0.346640453085
1712	0.0517006594257
1713	0.016896324386
1714	0.0170095610094
1715	0.051860909219
1716	0.0551958300162
1717	0.133787814195
1718	0.033721495887
1719	0.0176724897448
1720	0.0071580989031
