1	0.099591813546
2	0.310463077247
3	0.625459549537
4	0.635790136721
5	0.127609886431
6	0.101262846953
7	0.104505795494
8	0.0559128755856
9	0.222216101881
10	0.46103387675
11	0.466027623848
12	0.339703400795
13	0.020219469646
14	0.157733030498
15	0.375719913812
16	0.381340242902
17	0.342924139478
18	0.342820856509
19	0.23810209063
20	0.479254668576
21	0.494384030813
22	0.33506913857
23	0.164786675034
24	0.414327695109
25	0.525394361174
26	0.349995358111
27	0.337458866224
28	0.333656662288
29	0.169466126442
30	0.00589208371025
31	0.133444048176
32	0.173118267591
33	0.389435606569
34	0.409196573873
35	0.22801505961
36	0.570448931396
37	0.538463726944
38	0.151387619929
39	0.464449792202
40	0.573130890834
41	0.559141838699
42	0.506531861365
43	0.0614739644352
44	0.0764343637178
45	0.381837701505
46	0.313799546228
47	0.250582414767
48	0.175248629959
49	0.179352708713
50	0.475627689042
51	0.450495163852
52	0.158471440161
53	0.271362607449
54	0.178178775881
55	0.0515545291586
56	0.122164242152
57	0.0496721554919
58	0.126551338378
59	0.246326826186
60	0.312950975725
61	0.194035943828
62	0.1984281469
63	0.178333038438
64	0.242676452959
65	0.231907183352
66	0.211294967343
67	0.251637297662
68	0.00753220085103
69	0.117295943375
70	0.139483630082
71	0.0973919605493
72	0.283517444096
73	0.260259441369
74	0.259375769868
75	0.259994660782
76	0.0873192276735
77	0.0271208244922
78	0.131313746908
79	0.0826183633586
80	0.248215429781
81	0.266891765254
82	0.264900016694
83	0.204307641752
84	0.158738003666
85	0.355138282773
86	0.387316103021
87	0.388267574479
88	0.353701772109
89	0.136735408376
90	0.356666044257
91	0.360198138022
92	0.206903234623
93	0.246465209377
94	0.4172658048
95	0.425260266056
96	0.381211543031
97	0.167765865135
98	0.24761923997
99	0.258099906323
100	0.314601658833
101	0.152338002152
102	0.262193370849
103	0.257148011427
104	0.348723978678
105	0.237974712005
106	0.537087194879
107	0.630808562347
108	0.586215070703
109	0.627196793878
110	0.393447021977
111	0.362539047002
112	0.125010390543
113	0.223774293562
114	0.40864453069
115	0.548931648498
116	0.543938091907
117	0.508962052368
118	0.45262232839
119	0.255388132164
120	0.232241152823
121	0.26493445487
122	0.331383341377
123	0.358882491028
124	0.496470417471
125	0.483397438944
126	0.54088126786
127	0.524357804296
128	0.484691461443
129	0.438107263243
130	0.399269026451
131	0.468642044888
132	0.274096205113
133	0.29719383154
134	0.315153830557
135	0.263053303417
136	0.0932888278109
137	0.250365158756
138	0.262539830283
139	0.359593350795
140	0.359221250187
141	0.267732452703
142	0.301051464562
143	0.276151250194
144	0.0981864808236
145	0.159077520022
146	0.159193902968
147	0.245522543723
148	0.141700574611
149	0.271719938443
150	0.263398111853
151	0.387209714757
152	0.340488871613
153	0.27711013603
154	0.24460511433
155	0.226999124853
156	0.128834656452
157	0.258666038687
158	0.23451063609
159	0.343802394498
160	0.290991472357
161	0.183700074596
162	0.3355142714
163	0.498754826769
164	0.502297613358
165	0.485120027074
166	0.296657207111
167	0.391894657383
168	0.219880704416
169	0.25569774963
170	0.107624661222
171	0.108279977568
172	0.00805947344939
173	0.254326853266
174	0.393774590979
175	0.355316806493
176	0.160326033051
177	0.0204463637914
178	0.0937240683984
179	0.118470415436
180	0.238216064093
181	0.248829688093
182	0.21195468722
183	0.192802529671
184	0.0904227414057
185	0.485105786486
186	0.253343757237
187	0.286431514485
188	0.252832768558
189	0.159218188466
190	0.228288324665
191	0.257983750578
192	0.0744341630973
193	0.439348969831
194	0.655410262393
195	0.625409325456
196	0.331941823429
197	0.193865587308
198	0.180991102696
199	0.313648534204
200	0.131199119046
201	0.343235048613
202	0.271444088418
203	0.099663110846
204	0.46896017575
205	0.383489895262
206	0.331526995133
207	0.203165352454
208	0.157524400233
209	0.1576831546
210	0.216537000646
211	0.0664199105165
212	0.193543081763
213	0.302059319695
214	0.427573659999
215	0.202427666725
216	0.512127522867
217	0.555793859048
218	0.585780911233
219	0.562298252591
220	0.314560898838
221	0.513992462207
222	0.39026087877
223	0.435076762307
224	0.406092607057
225	0.296370898507
226	0.49311301972
227	0.383882799458
228	0.287447203786
229	0.0980902792963
230	0.192691014958
231	0.07128106716
232	0.324933132331
233	0.309149563585
234	0.316291000365
235	0.29080708609
236	0.198402137564
237	0.15347878486
238	0.154206189249
239	0.338515476731
240	0.482728257163
241	0.35432582934
242	0.18963159912
243	0.136671501019
244	0.700904132229
245	0.66697295986
246	0.627955580805
247	0.546167064081
248	0.538970982774
249	0.431634717347
250	0.453366402855
251	0.302737485728
252	0.142012081695
253	0.301987123807
254	0.29828710722
255	0.290736360614
256	0.213510038748
257	0.0713476361129
258	0.156587810794
259	0.256205928738
260	0.281016039203
261	0.278575465868
262	0.113981005885
263	0.109858180067
264	0.353876479705
265	0.360214996186
266	0.39072306621
267	0.358499490815
268	0.269539124553
269	0.313476036727
270	0.122041563701
271	0.134995181748
272	0.138433554568
273	0.0935083045978
274	0.083603692699
275	0.159601551579
276	0.375119632011
277	0.262190157021
278	0.15108855963
279	0.286013206097
280	0.231703046841
281	0.23178022176
282	0.270052306787
283	0.32562017149
284	0.328986410845
285	0.140357288203
286	0.0
287	0.0
288	0.0
289	0.0907451660508
290	0.113820261996
291	0.0974030918288
292	0.022605858496
293	0.121491793346
294	0.231228706972
295	0.231775365802
296	0.297742827685
297	0.424636484322
298	0.290740736057
299	0.294840801234
300	0.00634193096468
301	0.133523436057
302	0.13478478008
303	0.0
304	0.0742438695802
305	0.0759105703625
306	0.165659772602
307	0.171000239839
308	0.350106737301
309	0.434216489828
310	0.512237503661
311	0.312353459251
312	0.345551688044
313	0.235989285762
314	0.159343043096
315	0.459924613005
316	0.330750539407
317	0.406797159925
318	0.33669362791
319	0.29833860082
320	0.240283612069
321	0.276034633952
322	0.279764852429
323	0.215706119559
324	0.286462008664
325	0.29725265486
326	0.219112735725
327	0.336717270894
328	0.287940997212
329	0.272961244244
330	0.202165353296
331	0.327454498824
332	0.341924761126
333	0.0192128375872
334	0.378460012121
335	0.43944192005
336	0.434438976986
337	0.387316812613
338	0.20135150109
339	0.175839509939
340	0.450050340718
341	0.52109482932
342	0.588176594492
343	0.0896535659503
344	0.0581031458894
345	0.0548937641317
346	0.061694614434
347	0.0573624260841
348	0.0717818520633
349	0.187830733394
350	0.158476675441
351	0.146171569146
352	0.142971401827
353	0.24325025204
354	0.253942020748
355	0.278940130907
356	0.133557197211
357	0.443080118392
358	0.438431357366
359	0.109311121493
360	0.340367963722
361	0.498311198218
362	0.500093299376
363	0.477328105514
364	0.0864301102576
365	0.211370659286
366	0.350453791527
367	0.253517184365
368	0.0232366564866
369	0.029387195202
370	0.050024600076
371	0.133622373959
372	0.139690469873
373	0.125965381551
374	0.0810378088623
375	0.129070099945
376	0.0793752806963
377	0.102718309746
378	0.204007589205
379	0.170055535099
380	0.128312928467
381	0.050024600076
382	0.0
383	0.0290603644212
384	0.0512719121317
385	0.0344946673824
386	0.0526266785692
387	0.0
388	0.0818957570619
389	0.159544113339
390	0.14988835424
391	0.180985650115
392	0.056132992457
393	0.0542117550595
394	0.0567951490247
395	0.0565098195002
396	0.1372017768
397	0.146946824879
398	0.152426411477
399	0.118493612613
400	0.0623221562099
401	0.0570382143578
402	0.32071850213
403	0.330081060761
404	0.173031712335
405	0.180917781092
406	0.255727015927
407	0.395389772126
408	0.155672198616
409	0.506694526767
410	0.362015865775
411	0.362503366096
412	0.392089543495
413	0.32774009721
414	0.16937607385
415	0.215575067396
416	0.311214123874
417	0.305564449299
418	0.323195651314
419	0.194674234362
420	0.145051492918
421	0.145144317531
422	0.145173905875
423	0.141307184345
424	0.0069069112151
425	0.0123909805675
426	0.0796354345074
427	0.106595561433
428	0.239931042557
429	0.339069163017
430	0.275052005709
431	0.269933992498
432	0.164945405382
433	0.288478809019
434	0.307867287966
435	0.394319291382
436	0.397400019264
437	0.427706843444
438	0.337565269327
439	0.381421885365
440	0.421947966568
441	0.42821410091
442	0.163518526361
443	0.252108218617
444	0.266984869143
445	0.158299689651
446	0.234774378345
447	0.236912199212
448	0.165069121548
449	0.206641881492
450	0.162439808588
451	0.159021227343
452	0.193071508968
453	0.161713750422
454	0.0
455	0.057886353886
456	0.179601822763
457	0.0949875522507
458	0.0534691230605
459	0.0506195821493
460	0.0294655424343
461	0.0571277704684
462	0.0508137022287
463	0.0766721461132
464	0.0944786935607
465	0.0604865125645
466	0.0416056934656
467	0.107390298537
468	0.10892249714
469	0.109200792059
470	0.109066578354
471	0.109376863194
472	0.197195796004
473	0.218013707038
474	0.388433967448
475	0.487503469439
476	0.381357731161
477	0.485516875211
478	0.422917046542
479	0.598236523002
480	0.388569011037
481	0.464919085989
482	0.524252245474
483	0.499998157425
484	0.675687966039
485	0.797204689655
486	0.534791098652
487	0.307207889115
488	0.595022368927
489	0.622933419154
490	0.305413276617
491	0.466771837428
492	0.283383312655
493	0.525138547883
494	0.558094142575
495	0.473970227306
496	0.490616874996
497	0.47896700825
498	0.447991256809
499	0.403909192246
500	0.617085412912
501	0.761917568069
502	0.456355736134
503	0.308422556049
504	0.312783248807
505	0.406956687297
506	0.449841365889
507	0.608130594229
508	0.490277878694
509	0.427069180142
510	0.376903133552
511	0.0461563607301
512	0.174331104321
513	0.145568928887
514	0.155078445437
515	0.194059348086
516	0.14492390515
517	0.192627887209
518	0.342632740315
519	0.372152620691
520	0.359989931816
521	0.456681351759
522	0.280845349794
523	0.203922722354
524	0.377080265451
525	0.338840335035
526	0.297110891083
527	0.380676584163
528	0.4408836912
529	0.450502045909
530	0.383143544839
531	0.318733820226
532	0.446094442344
533	0.402180242908
534	0.324826716701
535	0.699394213274
536	0.70309570525
537	0.453909261091
538	0.385187156592
539	0.377664800197
540	0.255145611889
541	0.230554670799
542	0.327547610297
543	0.303847689072
544	0.449400202701
545	0.54310176938
546	0.372020317035
547	0.290285476066
548	0.361084744639
549	0.228087112937
550	0.0965434470616
551	0.254262133377
552	0.301184638025
553	0.233134677193
554	0.177623031365
555	0.115265856771
556	0.110732254096
557	0.100162439921
558	0.100406427882
559	0.259171071963
560	0.270579400456
561	0.317920018777
562	0.344042867362
563	0.345678519656
564	0.550323101801
565	0.593270236634
566	0.616329237266
567	0.476690010044
568	0.555355294397
569	0.561770755865
570	0.342346896372
571	0.547239491796
572	0.701678980884
573	0.5993501053
574	0.543647829706
575	0.451088901317
576	0.121319869342
577	0.286470208911
578	0.470613592625
579	0.682761614743
580	0.506328819052
581	0.363792733584
582	0.624713051608
583	0.575254077629
584	0.543968114076
585	0.463913853187
586	0.438324179611
587	0.333386424464
588	0.277586540412
589	0.432031507277
590	0.447458970756
591	0.434328440977
592	0.342835749561
593	0.376689092671
594	0.27838520077
595	0.12946873539
596	0.154306462093
597	0.377739085104
598	0.279238323249
599	0.278761764432
600	0.331895126769
601	0.177564567565
602	0.25630542084
603	0.313176925231
604	0.425291334528
605	0.426794789519
606	0.393810627465
607	0.600212444129
608	0.446828131684
609	0.41792012544
610	0.320769672914
611	0.554804362382
612	0.560569439041
613	0.226472040178
614	0.157609228394
615	0.173450505193
616	0.289836814754
617	0.227333947803
618	0.286324769368
619	0.305891283683
620	0.168324422285
621	0.0947495740915
622	0.172420698096
623	0.191920524725
624	0.192313098734
625	0.192437614875
626	0.1728889168
627	0.0
628	0.0126407408768
629	0.0414175720341
630	0.0399604860387
631	0.0139003640187
632	0.0139101280189
633	0.075493046071
634	0.0692584589246
635	0.202180237461
636	0.305980462607
637	0.309059394196
638	0.308669930071
639	0.330308120829
640	0.333631317003
641	0.284720744869
642	0.257717796189
643	0.248842920807
644	0.561177330901
645	0.598101299283
646	0.462356123556
647	0.393796364819
648	0.48599704713
649	0.255910145742
650	0.394232882544
651	0.448274418969
652	0.643429958289
653	0.599821152069
654	0.235454903025
655	0.247557389635
656	0.199082399779
657	0.216355021663
658	0.374134336002
659	0.383905338542
660	0.337882848036
661	0.169497304621
662	0.317079772184
663	0.380718467455
664	0.381720483685
665	0.309805642806
666	0.230631589484
667	0.235692716109
668	0.382623458209
669	0.146757181762
670	0.297331344723
671	0.302821654606
672	0.303891679352
673	0.304137669392
674	0.185450999572
675	0.210818726974
676	0.141295876546
677	0.443995889378
678	0.415360017516
679	0.344853520175
680	0.249823990825
681	0.211005823391
682	0.155475078521
683	0.159723406348
684	0.0
685	0.0
686	0.149715410078
687	0.149150871923
688	0.0
689	0.445927521627
690	0.442487077571
691	0.409931912393
692	0.260190114435
693	0.156089250452
694	0.14218884484
695	0.0752314188434
696	0.0760509756773
697	0.0709842731879
698	0.147694241223
699	0.147851025011
700	0.218534901299
701	0.221968275588
702	0.242539188132
703	0.233775836934
704	0.299647621881
705	0.487099042972
706	0.485551810108
707	0.406237374614
708	0.166591477787
709	0.145934385847
710	0.287520650566
711	0.406717212146
712	0.39593355069
713	0.279322754095
714	0.300889429667
715	0.210134834642
716	0.220391652502
717	0.178757024604
718	0.1548935619
719	0.305686741937
720	0.454476079522
721	0.462880759281
722	0.409869066744
723	0.494158563498
724	0.320560672599
725	0.545634916956
726	0.54525884825
727	0.247725275833
728	0.336206694083
729	0.306568966822
730	0.30644993415
731	0.257299863295
732	0.244765577962
733	0.315250465389
734	0.368591199033
735	0.373364406316
736	0.328170710403
737	0.429813482765
738	0.428776490369
739	0.358371082052
740	0.268972006384
741	0.156772028343
742	0.201279707444
743	0.0263751863357
744	0.0227330725095
745	0.0158326533056
746	0.0135548191989
747	0.0149342508447
748	0.0421072391606
749	0.0250971254191
750	0.0514994967987
751	0.0479069490197
752	0.0479665925901
753	0.0478730617455
754	0.0124289148536
755	0.0127747561736
756	0.0126476672501
757	0.0145442743302
758	0.0
759	0.0
760	0.0167096185357
761	0.0128085091684
762	0.0479798509352
763	0.057636796224
764	0.0955015690901
765	0.332886296837
766	0.147832348048
767	0.141613749651
768	0.161359140564
769	0.309920710724
770	0.172488991737
771	0.253439692319
772	0.0721324258298
773	0.156980098513
774	0.18612643436
775	0.218109558837
776	0.152426515623
777	0.012572387755
778	0.156831053643
779	0.17334502337
780	0.0993750078975
781	0.194075904531
782	0.18885659694
783	0.0789847940783
784	0.123787855933
785	0.135077636961
786	0.0744394475215
787	0.0693441012616
788	0.0686428591657
789	0.068806327916
790	0.196919569962
791	0.12736898789
792	0.207440807018
793	0.204271150562
794	0.127726031964
795	0.127512209379
796	0.125604727733
797	0.167554229366
798	0.128341025953
799	0.209397972935
800	0.110741307283
801	0.0311618247517
802	0.242194525562
803	0.241150078642
804	0.118770409041
805	0.113791695134
806	0.096578050834
807	0.149132237639
808	0.276769846161
809	0.0298438252077
810	0.0228921616696
811	0.0180632523823
812	0.0161615582257
813	0.0429754360024
814	0.0
815	0.0221386033125
816	0.0211360559453
817	0.0
818	0.0
819	0.0739017226898
820	0.0474073438095
821	0.049225077134
822	0.0757687866043
823	0.126587054337
824	0.247442892066
825	0.214703523943
826	0.222907446158
827	0.141336861898
828	0.00652326804898
829	0.136147459336
830	0.306387114922
831	0.273824963427
832	0.387926618034
833	0.424104438646
834	0.381545919602
835	0.28388534675
836	0.254581768769
837	0.312835595778
838	0.267067593718
839	0.274599104055
840	0.446618460293
841	0.419389895572
842	0.294531686535
843	0.447017082544
844	0.451797120193
845	0.450591140408
846	0.0318495203504
847	0.038088775526
848	0.0439646911562
849	0.301732196418
850	0.292898309399
851	0.384048535024
852	0.277901220496
853	0.165093843025
854	0.230498189512
855	0.205150645267
856	0.166660678301
857	0.100207190733
858	0.138894336444
859	0.309964814049
860	0.291110378757
861	0.132603037387
862	0.150218835519
863	0.179102562283
864	0.148531334979
865	0.0674315377986
866	0.00791154565203
867	0.0294147855221
868	0.0120835551786
869	0.0196657249504
870	0.0241626645958
871	0.0074817480928
872	0.00737419405254
873	0.0210281263536
874	0.0126476672501
875	0.0127747561736
876	0.0124289148536
877	0.0184606180124
878	0.0194369826905
879	0.019481352503
880	0.0265510334714
881	0.00685721578207
882	0.0421072391606
883	0.0292052311521
884	0.0281899207937
885	0.0385734785898
886	0.0449874838934
887	0.0196403802655
888	0.204245176303
889	0.31940928516
890	0.308550270781
891	0.177582010178
892	0.269957360889
893	0.292149272802
894	0.158292236459
895	0.205456685137
896	0.215742614323
897	0.217132351977
898	0.341243542041
899	0.258887911537
900	0.387402560071
901	0.375722267177
902	0.170417732874
903	0.190459443308
904	0.147902569161
905	0.283651415535
906	0.281541351166
907	0.438574478002
908	0.350333039762
909	0.527592447981
910	0.521147786335
911	0.557904201479
912	0.340212186095
913	0.270358718603
914	0.130819933438
915	0.167344496852
916	0.129648203371
917	0.232259662923
918	0.322247438379
919	0.269590432093
920	0.174361448252
921	0.16372916343
922	0.108649895485
923	0.163849145075
924	0.327690960095
925	0.234592149402
926	0.405234640365
927	0.298500483768
928	0.360812927876
929	0.420359086994
930	0.321678476899
931	0.297233404726
932	0.315718842395
933	0.335937110261
934	0.374513667318
935	0.247584264648
936	0.406592043617
937	0.423204241609
938	0.377116088421
939	0.184162416297
940	0.389637549202
941	0.383680812177
942	0.214350062152
943	0.111241494279
944	0.257852919252
945	0.265701862128
946	0.238662657526
947	0.101192154565
948	0.450773641127
949	0.438061442585
950	0.100619173686
951	0.0807345869475
952	0.0948824165652
953	0.142710429804
954	0.15559792789
955	0.0806070024327
956	0.0863714030299
957	0.209492988443
958	0.364352774574
959	0.369130132051
960	0.352589899974
961	0.465859971211
962	0.336044787914
963	0.5138534251
964	0.60479317686
965	0.338857072986
966	0.375784762458
967	0.447224205731
968	0.405781882328
969	0.200476500401
970	0.228589031648
971	0.247520273517
972	0.343570537611
973	0.331114794136
974	0.478945737648
975	0.436401360963
976	0.395734915194
977	0.393804614671
978	0.271927279614
979	0.305056120526
980	0.115023057711
981	0.271570882649
982	0.297308704723
983	0.062990438053
984	0.0
985	0.0
986	0.0
987	0.134951631912
988	0.223559432404
989	0.134868667812
990	0.0495115503818
991	0.0556046915773
992	0.0156861791542
993	0.0122597141159
994	0.00568287969182
995	0.0534395317686
996	0.0389667092519
997	0.150035018643
998	0.21289594704
999	0.224640662588
1000	0.264517230762
1001	0.377675501932
1002	0.442650120227
1003	0.428242025534
1004	0.440504225865
1005	0.292988188023
1006	0.420897742635
1007	0.264047847673
1008	0.274713425061
1009	0.380105762224
1010	0.35006096881
1011	0.53803429722
1012	0.385145933732
1013	0.407138352509
1014	0.316764256714
1015	0.151758583384
1016	0.271519453939
1017	0.27317210066
1018	0.115390423969
1019	0.119083313236
1020	0.119818375964
1021	0.147870733582
1022	0.0150555029648
1023	0.305136529323
1024	0.315315312175
1025	0.296093920217
1026	0.460753550157
1027	0.463682824851
1028	0.473299843347
1029	0.468134424677
1030	0.153731216839
1031	0.174515632865
1032	0.170951694116
1033	0.0
1034	0.0140059298662
1035	0.550741783139
1036	0.562725805564
1037	0.386680471598
1038	0.408305349197
1039	0.392028930242
1040	0.169676353692
1041	0.188026687645
1042	0.093236598331
1043	0.0645611048127
1044	0.13781736333
1045	0.00748369546199
1046	0.0758338920801
1047	0.0813278987549
1048	0.269284088102
1049	0.111585575031
1050	0.159899294014
1051	0.194228908555
1052	0.147848044245
1053	0.213359225548
1054	0.207734184505
1055	0.239180212806
1056	0.110049855601
1057	0.00864258678207
1058	0.0466509352231
1059	0.222362834361
1060	0.229487707427
1061	0.233096032545
1062	0.377243361795
1063	0.339072282315
1064	0.327590930168
1065	0.370617214699
1066	0.218967566752
1067	0.358821496033
1068	0.309417779767
1069	0.307902822956
1070	0.229178104701
1071	0.246408745635
1072	0.236379667364
1073	0.162071608223
1074	0.121998713814
1075	0.0834550565651
1076	0.131995784001
1077	0.0642685390192
1078	0.185029917037
1079	0.167956513483
1080	0.262624129696
1081	0.152194061036
1082	0.18874207717
1083	0.219204699735
1084	0.108183655987
1085	0.12816297399
1086	0.173281549537
1087	0.260734017158
1088	0.167598216518
1089	0.129058427048
1090	0.00396056309854
1091	0.00372253142709
1092	0.0
1093	0.0469631087197
1094	0.0311715415592
1095	0.100236078252
1096	0.199438167786
1097	0.0814559061295
1098	0.0857993323741
1099	0.198603000846
1100	0.195778643436
1101	0.210371388271
1102	0.185775761401
1103	0.0914849781621
1104	0.16502012
1105	0.147467492968
1106	0.28026199674
1107	0.370633433044
1108	0.361571024145
1109	0.254954231943
1110	0.0432797840459
1111	0.283329780149
1112	0.32982277138
1113	0.315754452486
1114	0.309368845918
1115	0.324517927582
1116	0.366856297751
1117	0.300459752053
1118	0.48763325614
1119	0.301828492025
1120	0.385894493409
1121	0.320790085347
1122	0.321302362434
1123	0.170204470388
1124	0.262446711244
1125	0.216026554537
1126	0.0406891399662
1127	0.17210317999
1128	0.166514846878
1129	0.0182268013549
1130	0.13728963167
1131	0.138360527065
1132	0.149818625959
1133	0.150505189162
1134	0.155771889819
1135	0.168834678529
1136	0.162569678664
1137	0.0864915628778
1138	0.0885084093612
1139	0.150089246556
1140	0.179052134117
1141	0.102776997574
1142	0.0979981855825
1143	0.0928123136865
1144	0.0302260193076
1145	0.256459421068
1146	0.281286425408
1147	0.174976730074
1148	0.166991770674
1149	0.167069087317
1150	0.180094509241
1151	0.185898516588
1152	0.184733366937
1153	0.18121254923
1154	0.195905493776
1155	0.0243519730897
1156	0.0380298418402
1157	0.094257663923
1158	0.422006240277
1159	0.419148800418
1160	0.417561911571
1161	0.100957308323
1162	0.215883369173
1163	0.195722328013
1164	0.222868165205
1165	0.0846061602589
1166	0.0272584089539
1167	0.0818469942178
1168	0.0817350042922
1169	0.16378481487
1170	0.0852006337975
1171	0.100602442722
1172	0.0932233480486
1173	0.248346610839
1174	0.241682395884
1175	0.170426052633
1176	0.0436300578113
1177	0.00762380637715
1178	0.0
1179	0.0
1180	0.178522224186
1181	0.207325764565
1182	0.158196750407
1183	0.134272876384
1184	0.254079424403
1185	0.23704612488
1186	0.236855951372
1187	0.290304776355
1188	0.299193792894
1189	0.323579070289
1190	0.24514123966
1191	0.271005215392
1192	0.115071781389
1193	0.0
1194	0.0385413890651
1195	0.120389082423
1196	0.116636327347
1197	0.101681445123
1198	0.144989225385
1199	0.151611561401
1200	0.169069407258
1201	0.0988335198573
1202	0.556226000034
1203	0.546083907867
1204	0.411088763134
1205	0.197777361083
1206	0.0550424376693
1207	0.109990692054
1208	0.108220786231
1209	0.0561416873312
1210	0.0
1211	0.22074753189
1212	0.242464667472
1213	0.0467258390524
1214	0.108689537262
1215	0.132726683635
1216	0.131746814149
1217	0.131452167318
1218	0.0907328407667
1219	0.0985480811935
1220	0.234335806239
1221	0.177106128867
1222	0.17450294276
1223	0.0752948599059
1224	0.130073186168
1225	0.140443547947
1226	0.248830408876
1227	0.392690925677
1228	0.327065841564
1229	0.0957300337124
1230	0.0959938220687
1231	0.0959055699162
1232	0.176985125319
1233	0.0774834402754
1234	0.077091492704
1235	0.0775488523243
1236	0.0868219878845
1237	0.190515975833
1238	0.38913176308
1239	0.385834528464
1240	0.383850137576
1241	0.359730080726
1242	0.184516435744
1243	0.0912266828669
1244	0.0769876856301
1245	0.0738893596014
1246	0.0665439650031
1247	0.0964882480158
1248	0.0940869469301
1249	0.0582705450246
1250	0.058299121543
1251	0.0587191852933
1252	0.0
1253	0.0316949951979
1254	0.00915922878272
1255	0.0396074965209
1256	0.0406006826465
1257	0.0406909303812
1258	0.0610583941886
1259	0.0271438015469
1260	0.0
1261	0.0
1262	0.0
1263	0.0
1264	0.0
1265	0.0
1266	0.0
1267	0.0
1268	0.0
1269	0.0
1270	0.0300384693976
1271	0.0421163400957
1272	0.0422615816536
1273	0.042263834481
1274	0.0421163542871
1275	0.0618477318716
1276	0.00465595614467
1277	0.00465876031927
1278	0.0873380933642
1279	0.0905276996182
1280	0.0824566845932
1281	0.183922767486
1282	0.203004208987
1283	0.212179998155
1284	0.0606372474927
1285	0.0620234648576
1286	0.0
1287	0.0913519481378
1288	0.0838167246684
1289	0.144297326371
1290	0.263921982103
1291	0.119187484319
1292	0.101648905973
1293	0.0587191852933
1294	0.148826821161
1295	0.145608638389
1296	0.0590784681809
1297	0.181783266381
1298	0.122883046636
1299	0.126730180366
1300	0.1621755595
1301	0.311603711123
1302	0.278546383591
1303	0.232968814583
1304	0.194324282789
1305	0.200149535751
1306	0.0884667492894
1307	0.211659542962
1308	0.204516373746
1309	0.204271026576
1310	0.204213620641
1311	0.204747916293
1312	0.121312085325
1313	0.0
1314	0.0
1315	0.0813424551332
1316	0.389263995999
1317	0.387802749031
1318	0.0923901170849
1319	0.138495963263
1320	0.136573804756
1321	0.135348411435
1322	0.043228375089
1323	0.0439411947285
1324	0.142430415053
1325	0.111903486044
1326	0.186876605648
1327	0.187492285103
1328	0.238212154676
1329	0.194910212492
1330	0.18217085323
1331	0.180212171663
1332	0.168510816326
1333	0.0507207462721
1334	0.0516788939594
1335	0.059248257938
1336	0.106564901232
1337	0.21317923436
1338	0.217253052133
1339	0.0994739434584
1340	0.421700307615
1341	0.409779246251
1342	0.0
1343	0.0
1344	0.0818900824803
1345	0.43178366887
1346	0.664445029005
1347	0.740193355256
1348	0.47178558973
1349	0.175844365294
1350	0.241666269189
1351	0.1517109653
1352	0.0444630714851
1353	0.042112742439
1354	0.042101421205
1355	0.0516800407235
1356	0.0944830983716
1357	0.0
1358	0.0867446350527
1359	0.0874992394937
1360	0.182059859311
1361	0.138625129555
1362	0.042101421205
1363	0.132638138856
1364	0.135060259431
1365	0.154207910306
1366	0.315609395452
1367	0.168006186435
1368	0.0761175063827
1369	0.0
1370	0.139948093889
1371	0.139777686899
1372	0.364520874915
1373	0.3637676192
1374	0.0482179258786
1375	0.0648860224611
1376	0.116033730622
1377	0.187957646515
1378	0.0
1379	0.154617543131
1380	0.120729777453
1381	0.158867190067
1382	0.146901897244
1383	0.0162449322316
1384	0.000679047258146
1385	0.000822041583812
1386	0.0782415839592
1387	0.000676923820326
1388	0.00033250513233
1389	0.00047367831759
1390	0.000507154720072
1391	0.00210279595212
1392	0.0
1393	0.0
1394	0.0
1395	0.0
1396	0.00210279595212
1397	0.000507154720072
1398	0.00047367831759
1399	0.00033250513233
1400	0.000676923820326
1401	0.0782415839592
1402	0.000822041583812
1403	0.000679047258146
1404	0.0162449322316
1405	0.345915848721
1406	0.208997381807
1407	0.416152423342
1408	0.180812626271
1409	0.180674661537
1410	0.284287190737
1411	0.473472559294
1412	0.223140958285
1413	0.109004122749
1414	0.0826753205488
1415	0.0829573842974
1416	0.126050530975
1417	0.191367256368
1418	0.248466163958
1419	0.243208423274
1420	0.171379368008
1421	0.283662993065
1422	0.191813349992
1423	0.06861213875
1424	0.0855018682994
1425	0.0351118334458
1426	0.0350119020786
1427	0.0
1428	0.0201809242234
1429	0.0987322155846
1430	0.0732992536331
1431	0.030542633125
1432	0.0632782431909
1433	0.035251777734
1434	0.0352724107669
1435	0.0346446403181
1436	0.0901967267516
1437	0.0552927576693
1438	0.0634809568678
1439	0.148014748182
1440	0.290176056358
1441	0.29148697477
1442	0.165880704536
1443	0.158766866367
1444	0.104506210294
1445	0.0579365526534
1446	0.120630293118
1447	0.115712720594
1448	0.115387597368
1449	0.0801334954028
1450	0.0719066559989
1451	0.249509356701
1452	0.208214133593
1453	0.0
1454	0.0935324908082
1455	0.41355900344
1456	0.408148329601
1457	0.559091780489
1458	0.238191348853
1459	0.158977099412
1460	0.0600974749001
1461	0.0602112191806
1462	0.280810081256
1463	0.372739974815
1464	0.363969846129
1465	0.0664041809929
1466	0.0556660359839
1467	0.0343215158969
1468	0.0330331551867
1469	0.218721751532
1470	0.178367425789
1471	0.148551863236
1472	0.1402419393
1473	0.0840312622045
1474	0.108806838909
1475	0.158576285401
1476	0.16975172135
1477	0.133969811541
1478	0.111846381289
1479	0.126780683192
1480	0.169827504426
1481	0.22809513732
1482	0.11601323096
1483	0.0
1484	0.0
1485	0.0
1486	0.0298757112848
1487	0.061855403215
1488	0.0
1489	0.0508501775604
1490	0.0498592353175
1491	0.0494137188122
1492	0.0141868814869
1493	0.014840105139
1494	0.0
1495	0.0
1496	0.0
1497	0.0
1498	0.0
1499	0.0
1500	0.0
1501	0.0
1502	0.0
1503	0.0
1504	0.0
1505	0.0595068052497
1506	0.0596463077229
1507	0.0594699451413
1508	0.0703569503373
1509	0.0619248963287
1510	0.108822385482
1511	0.0867453553285
1512	0.0983080642637
1513	0.0905887929292
1514	0.0898059844885
1515	0.0651047820037
1516	0.0847965524954
1517	0.143466016949
1518	0.0738904846333
1519	0.230945940257
1520	0.157676626207
1521	0.0
1522	0.0373639356432
1523	0.288235744912
1524	0.27287533879
1525	0.259150534148
1526	0.160059242751
1527	0.035972190395
1528	0.0863991308988
1529	0.0498847447489
1530	0.0386367377862
1531	0.0130947637292
1532	0.0257635784729
1533	0.026579353028
1534	0.026306004456
1535	0.0260206317461
1536	0.124185882223
1537	0.2797438094
1538	0.284961570923
1539	0.284280019949
1540	0.0
1541	0.0
1542	0.0
1543	0.00827372670777
1544	0.175409518257
1545	0.300055471122
1546	0.141738645267
1547	0.175485630296
1548	0.00711228407454
1549	0.0
1550	0.0
1551	0.0
1552	0.0420772918633
1553	0.0418505296409
1554	0.0432984813499
1555	0.0185747912651
1556	0.0480825846206
1557	0.0224296306426
1558	0.0336004991702
1559	0.0341746322393
1560	0.0345668908357
1561	0.0346971246108
1562	0.0327010742457
1563	0.0122702002512
1564	0.0132866629026
1565	0.0470174304629
1566	0.0619423209013
1567	0.0614217466561
1568	0.0590242386914
1569	0.0619255462925
1570	0.0545660388239
1571	0.0540366840838
1572	0.0093119514354
1573	0.0181546080391
1574	0.0426144951959
1575	0.231770174126
1576	0.207202552792
1577	0.339951469079
1578	0.348975420273
1579	0.223232690504
1580	0.264329223386
1581	0.245615808182
1582	0.112801169468
1583	0.113185393329
1584	0.23990059143
1585	0.353660208971
1586	0.331675173145
1587	0.409726318414
1588	0.38778308405
1589	0.0
1590	0.0
1591	0.0
1592	0.0275134906302
1593	0.0210296602802
1594	0.0515086524641
1595	0.0528504063059
1596	0.0138252445159
1597	0.0568178122126
1598	0.0860253829879
1599	0.0382690922286
1600	0.198200170971
1601	0.143288436235
1602	0.137742393485
1603	0.134808043353
1604	0.104357233856
1605	0.0380610116245
1606	0.151803003597
1607	0.0
1608	0.0
1609	0.0
1610	0.0
1611	0.0673620192866
1612	0.0772483130741
1613	0.174900266276
1614	0.229717275918
1615	0.25614085241
1616	0.189743544194
1617	0.210517504225
1618	0.344471534199
1619	0.230901645234
1620	0.230863077563
1621	0.364481290992
1622	0.344589101663
1623	0.305745222229
1624	0.517734065959
1625	0.472290084224
1626	0.462211578819
1627	0.288565646553
1628	0.130657726674
1629	0.404864730383
1630	0.444209041991
1631	0.375970422951
1632	0.588127762562
1633	0.593739353492
1634	0.527683914949
1635	0.49990480971
1636	0.234175243618
1637	0.0342198532265
1638	0.177892618055
1639	0.197430954236
1640	0.198679136125
1641	0.198114602927
1642	0.226814150945
1643	0.229372224422
1644	0.0268786709248
1645	0.381268897253
1646	0.395073853232
1647	0.23784888127
1648	0.22173252501
1649	0.133725554269
1650	0.0781675404048
1651	0.141769365703
1652	0.0949785259247
1653	0.232663877348
1654	0.176153582987
1655	0.0
1656	0.0505314585872
1657	0.053698386947
1658	0.0447109574944
1659	0.0
1660	0.205946952062
1661	0.121137478263
1662	0.118285114418
1663	0.166850795955
1664	0.207415372434
1665	0.0505314585872
1666	0.0400326202731
1667	0.0503113144784
1668	0.0556204691894
1669	0.0817348712558
1670	0.0708646943784
1671	0.247748784461
1672	0.228735769193
1673	0.158541079989
1674	0.158233440601
1675	0.228345641946
1676	0.072614459426
1677	0.187596965731
1678	0.200464601904
1679	0.125658912966
1680	0.125312419408
1681	0.069222662706
1682	0.274707123317
1683	0.347973719672
1684	0.295001280489
1685	0.333268010984
1686	0.252548399201
1687	0.198188024033
1688	0.21528159155
1689	0.181777668623
1690	0.0283820317489
1691	0.0
1692	0.151570538608
1693	0.160025140055
1694	0.160345969493
1695	0.156095430741
1696	0.222985727636
1697	0.206142992941
1698	0.198338842983
1699	0.146424468322
1700	0.122148423576
1701	0.026163151288
1702	0.0320198179597
1703	0.0
1704	0.0
1705	0.0
1706	0.0
1707	0.108904612272
1708	0.089472026005
1709	0.112057101971
1710	0.115056060608
1711	0.355297969156
1712	0.0825504518793
1713	0.034232594011
1714	0.0640845484055
1715	0.0599988690799
1716	0.0573818150742
1717	0.102103008494
1718	0.0
1719	0.0
1720	0.0
