0.000000
0.000000
0.000000
0.000000
0.271206
0.000000
0.850000
0.850000
0.547717
0.000000
0.442432
0.468647
0.320144
0.183560
0.225143
0.280687
0.329431
0.024106
0.044772
0.395384
0.433545
0.850000
0.440440
0.483376
0.000000
0.850000
0.047928
0.648538
0.610907
0.581971
0.850000
0.499772
0.850000
0.223193
0.515804
0.496687
0.336082
0.182928
0.061732
0.285318
0.299704
0.000000
0.850000
0.850000
0.292750
0.086276
0.000000
0.000000
0.237701
0.135821
0.000000
0.211401
0.850000
0.316053
0.850000
0.382712
0.638527
0.095158
0.498045
0.775447
0.000000
0.455410
0.850000
0.319967
0.000000
0.160464
0.546566
0.111879
0.850000
0.404323
0.850000
0.640542
0.000000
0.083187
0.167336
0.715511
0.850000
0.468565
0.803453
0.723114
0.305940
0.087572
0.000000
0.151403
0.352167
0.156477
0.126295
0.210063
0.823042
0.659803
0.051875
0.850000
0.312946
0.595382
0.489119
0.850000
0.850000
0.472308
0.260506
0.850000
0.000000
0.435351
0.722067
0.000000
0.297453
0.684344
0.161421
0.850000
0.564580
0.113724
0.418144
0.513081
0.559355
0.428310
0.449130
0.850000
0.850000
0.476867
0.249291
0.187000
0.305281
0.456810
0.199637
0.171922
0.850000
0.142501
0.264617
0.000000
0.813653
0.372166
0.000000
0.850000
0.000000
0.482560
0.064092
0.000000
0.275213
0.850000
0.142693
0.039725
0.081993
0.588480
0.000000
0.196456
0.711101
0.134798
0.000000
0.850000
0.850000
0.850000
0.282366
0.000000
0.000000
0.359678
0.000000
0.347152
0.233704
0.000000
0.248839
0.850000
0.393265
0.535259
0.000000
0.091820
0.043499
0.198314
0.538763
0.613076
0.255412
0.850000
0.548466
0.850000
0.850000
0.850000
0.850000
0.000000
0.850000
0.000000
0.721836
0.000000
0.046451
0.000000
0.077692
0.000000
0.280884
0.300739
0.085378
0.062799
0.567630
0.461757
0.850000
0.850000
0.121659
0.000000
0.463021
0.174566
0.462115
0.619065
0.659502
0.850000
0.850000
0.850000
0.455306
0.484786
0.275541
0.850000
0.234100
0.850000
0.527790
0.850000
0.686366
0.850000
0.850000
0.850000
0.796556
0.127210
0.134428
0.295849
0.259399
0.626434
0.000000
0.349625
0.664396
0.850000
0.451784
0.491723
0.109839
0.850000
0.850000
0.128563
0.776387
0.477621
0.410325
0.850000
0.850000
0.850000
0.850000
0.000000
0.000000
0.000000
0.000000
0.174039
0.850000
0.216169
0.738171
0.184701
0.040710
0.165107
0.431128
0.170470
0.470721
0.286567
0.160921
0.069104
0.828238
0.691738
0.805913
0.850000
0.199274
0.138054
0.000000
0.571719
0.850000
0.384274
0.386264
0.247339
0.261859
0.000000
0.652266
0.765889
0.850000
0.850000
0.333513
0.000000
0.618408
0.584426
0.145672
0.146351
0.529889
0.000000
0.000000
0.850000
0.197085
0.850000
0.850000
0.850000
0.591014
0.850000
0.850000
0.400269
0.565192
0.618344
0.383085
0.000000
0.000000
0.102930
0.163700
0.000000
0.283174
0.243153
0.850000
0.073798
0.697188
0.850000
0.850000
0.794646
0.215839
0.000000
0.836145
0.217592
0.000000
0.649742
0.336880
0.148485
0.000000
0.353365
0.000000
0.177474
0.000000
0.000000
0.187758
0.092260
0.684058
0.850000
0.000000
0.318918
0.823639
0.000000
0.000000
0.850000
0.738801
0.210546
0.773960
0.239146
0.702038
0.850000
0.000000
0.000000
0.094145
0.572313
0.000000
0.139509
0.439082
0.850000
0.273770
0.000000
0.466117
0.000000
0.000000
0.411899
0.850000
0.100696
0.363110
0.192096
0.000000
0.530934
0.452458
0.000000
0.038681
0.000000
0.000000
0.359462
0.000000
0.850000
0.527703
0.000000
0.564548
0.000000
0.515508
0.000000
0.048498
0.000000
0.000000
0.000000
0.000000
0.850000
0.850000
0.850000
0.284197
0.272862
0.531814
0.044406
0.244322
0.385144
0.816244
0.850000
0.850000
0.850000
0.028647
0.850000
0.827444
0.646780
0.000000
0.405196
0.000000
0.138882
0.121698
0.273895
0.346307
0.711322
0.439547
0.748493
0.547981
0.626688
0.850000
0.850000
0.448438
0.520771
0.402617
0.382229
0.000000
0.000000
0.094541
0.850000
0.000000
0.211133
0.516635
0.264588
0.850000
0.850000
0.661648
0.850000
0.670818
0.850000
0.850000
0.850000
0.850000
0.850000
0.502336
0.000000
0.850000
0.000000
0.214854
0.321057
0.784660
0.305467
0.241730
0.000000
0.196802
0.169487
0.639437
0.572587
0.225128
0.850000
0.850000
0.000000
0.457457
0.000000
0.000000
0.209857
0.850000
0.850000
0.850000
0.850000
0.850000
0.029399
0.000000
0.614565
0.629461
0.085405
0.606532
0.850000
0.000000
0.850000
0.373808
0.752669
0.099960
0.000000
0.698610
0.000000
0.000000
0.179690
0.000000
0.571592
0.025643
0.342678
0.335883
0.850000
0.000000
0.850000
0.000000
0.338233
0.850000
0.275713
0.131851
0.237726
0.000000
0.475123
0.000000
0.053880
0.000000
0.000000
0.000000
0.000000
0.486893
0.151542
0.000000
0.477817
0.850000
0.270990
0.049985
0.000000
0.850000
0.000000
0.767070
0.000000
0.308116
0.272109
0.300159
0.000000
0.556002
0.047694
0.547150
0.850000
0.850000
0.000000
0.377011
0.482849
0.454716
0.422572
0.850000
0.850000
0.634632
0.299515
0.000000
0.000000
0.000000
0.533294
0.326026
0.089594
0.000000
0.225263
0.000000
0.000000
0.817436
0.000000
0.000000
0.690853
0.850000
0.850000
0.000000
0.673104
0.000000
0.000000
0.453512
0.000000
0.729665
0.000000
0.725693
0.132025
0.161807
0.352331
0.728641
0.563807
0.850000
0.850000
0.850000
0.519520
0.117097
0.563098
0.000000
0.724962
0.105706
0.359061
0.000000
0.007248
0.251485
0.000000
0.850000
0.327800
0.054437
0.248799
0.363090
0.568189
0.850000
0.294019
0.000000
0.203778
0.197799
0.000000
0.000000
0.042780
0.221482
0.000000
0.000000
0.566510
0.588587
0.850000
0.625755
0.789935
0.850000
0.613655
0.850000
0.850000
0.850000
0.850000
0.000000
0.848640
0.479093
0.074907
0.092287
0.000000
0.000000
0.026412
0.077481
0.415600
0.850000
0.850000
0.801617
0.850000
0.143752
0.481008
0.000000
0.850000
0.446998
0.341308
0.000000
0.000000
0.144710
0.168261
0.235982
0.850000
0.446270
0.095764
0.000000
0.850000
0.850000
0.850000
0.670164
0.368047
0.850000
0.846275
0.667005
0.000000
0.000000
0.059265
0.000000
0.029431
0.299826
0.563498
0.009307
0.000000
0.000000
0.672850
0.500087
0.403380
0.000000
0.850000
0.000000
0.000000
0.373253
0.000000
0.196655
0.094991
0.394312
0.408753
0.274347
0.447324
0.577176
0.318095
0.330640
0.078670
0.317659
0.000000
0.000000
0.145130
0.445357
0.472746
0.010337
0.096814
0.000000
0.039790
0.226979
0.000000
0.850000
0.071746
0.850000
0.850000
0.120256
0.425350
0.457009
0.390241
0.850000
0.850000
0.217562
0.850000
0.442698
0.016667
0.281468
0.083545
0.061914
0.186094
0.813616
0.821664
0.480260
0.378436
0.850000
0.363160
0.850000
0.850000
0.196225
0.246759
0.239236
0.000000
0.308146
0.000000
0.190964
0.506425
0.000000
0.152358
0.000000
0.169646
0.575944
0.000000
0.000000
0.850000
0.850000
0.850000
0.426912
0.000000
0.000000
0.000000
0.223019
0.850000
0.000000
0.000000
0.814302
0.000000
0.000000
0.233383
0.000000
0.266473
0.000000
0.545041
0.850000
0.850000
0.000000
0.000000
0.850000
0.726554
0.596009
0.378998
0.850000
0.000000
0.257775
0.850000
0.550100
0.773311
0.515993
0.303584
0.297978
0.372890
0.019427
0.273019
0.000000
0.301940
0.559589
0.445474
0.221843
0.056914
0.000000
0.048518
0.000000
0.000000
0.116281
0.000000
0.369012
0.363394
0.000000
0.021477
0.000000
0.000000
0.000000
0.000000
0.114794
0.139054
0.850000
0.104728
0.559273
0.064737
0.000000
0.746852
0.000664
0.850000
0.850000
0.383913
0.850000
0.693412
0.850000
0.559285
0.040569
0.000000
0.000000
0.000000
0.628546
0.089231
0.029339
0.007705
0.360944
0.850000
0.174889
0.073497
0.000000
0.850000
0.406445
0.381232
0.023357
0.000000
0.000000
0.054890
0.240880
0.000000
0.026916
0.141258
0.000000
0.195963
0.850000
0.088813
0.263630
0.019505
0.000000
0.000000
0.088447
0.363961
0.038412
0.850000
0.850000
0.850000
0.494235
0.850000
0.332896
0.021527
0.086127
0.000000
0.000000
0.000000
0.277491
0.703413
0.520343
0.000000
0.000000
0.024208
0.000000
0.132035
0.000000
0.568028
0.043076
0.086681
0.131612
0.106437
0.012060
0.000000
0.850000
0.653055
0.000000
0.501033
0.850000
0.010230
0.191427
0.000000
0.495921
0.556141
0.697516
0.000000
0.077416
0.000000
0.394061
0.000000
0.258245
0.000000
0.223069
0.186733
0.288950
0.449421
0.500117
0.441074
0.231665
0.173663
0.159173
0.000000
0.540758
0.000000
0.558479
0.782879
0.219124
0.554263
0.471477
0.061685
0.011036
0.248749
0.183460
0.496285
0.000000
0.596292
0.562210
0.000000
0.327175
0.000000
0.000000
0.149886
0.319900
0.014018
0.666923
0.231851
0.000000
0.174479
0.419953
0.784294
0.100704
0.327857
0.429784
0.850000
0.052087
0.000000
0.850000
0.731983
0.850000
0.850000
0.458497
0.850000
0.850000
0.850000
0.513426
0.850000
0.000000
0.000000
0.850000
0.771231
0.000000
0.317965
0.691945
0.427474
0.061717
0.022698
0.309337
0.000000
0.158969
0.000000
0.560079
0.000000
0.281637
0.264463
0.850000
0.850000
0.000000
0.672977
0.083826
0.000000
0.086114
0.000000
0.000000
0.142971
0.850000
0.850000
0.172012
0.129344
0.000000
0.053246
0.000000
0.503455
0.206049
0.301221
0.380528
0.487398
0.213516
0.063247
0.276645
0.000000
0.163789
0.000000
0.515478
0.145478
0.139479
0.000000
0.418117
0.259345
0.822821
0.282796
0.161556
0.850000
0.000000
0.131615
0.387549
0.500244
0.850000
0.850000
0.245377
0.347794
0.374678
0.187490
0.137460
0.850000
0.003365
0.000000
0.850000
0.711758
0.320117
0.850000
0.850000
0.430667
0.850000
0.366393
0.260509
0.000000
0.035644
0.000000
0.297262
0.000000
0.453848
0.850000
0.078006
0.342166
0.072663
0.450739
0.000000
0.521840
0.078834
0.000000
0.000000
0.000000
0.086748
0.850000
0.419507
0.119246
0.405266
0.078180
0.000000
0.000000
0.473562
0.850000
0.584197
0.850000
0.850000
0.850000
0.000000
0.000000
0.850000
0.102522
0.204114
0.194956
0.000000
0.408758
0.000000
0.850000
0.850000
0.000000
0.657475
0.850000
0.136778
0.054017
0.843755
0.387686
0.850000
0.083953
0.226340
0.850000
0.642502
0.481981
0.748150
0.242128
0.475036
0.138104
0.406462
0.286622
0.039715
0.000000
0.000000
0.144202
0.122370
0.148585
0.000000
0.120301
0.850000
0.536647
0.324549
0.850000
0.021355
0.461755
0.786535
0.850000
0.000000
0.000000
0.233610
0.000000
0.000000
0.276700
0.320826
0.604022
0.514896
0.268045
0.850000
0.087012
0.772020
0.850000
0.850000
0.409215
0.248891
0.628653
0.000000
0.100706
0.000000
0.283858
0.850000
0.434403
0.850000
0.000000
0.132035
0.051485
0.000000
0.518403
0.570186
0.090193
0.041949
0.542405
0.479961
0.000000
0.081645
0.428106
0.540621
0.850000
0.000000
0.850000
0.850000
0.850000
0.850000
0.850000
0.196351
0.333498
0.695220
0.741360
0.138522
0.000000
0.000000
0.000000
0.000000
0.082130
0.000000
0.000000
0.000000
0.353102
0.850000
0.284702
0.850000
0.850000
0.850000
0.634319
0.850000
0.031396
0.000000
0.000000
0.236947
0.035000
0.025044
0.141342
0.256081
0.418470
0.850000
0.409424
0.415650
0.000000
0.000000
0.087892
0.664384
0.523840
0.657569
0.610855
0.312590
0.850000
0.337927
0.284547
0.850000
0.222785
0.000000
0.000000
0.016607
0.509198
0.850000
0.322154
0.850000
0.662247
0.850000
0.300702
0.284764
0.014401
0.735289
0.850000
0.692800
0.256370
0.144076
0.503584
0.000000
0.264304
0.474738
0.443852
0.850000
0.850000
0.850000
0.000000
0.738472
0.242703
0.850000
0.374900
0.151841
0.212140
0.000000
0.233761
0.000000
0.727248
0.850000
0.358730
0.418796
0.000000
0.519900
0.202174
0.206683
0.084420
0.225101
0.850000
0.000000
0.000000
0.000000
0.000000
0.000000
0.072529
0.242912
0.198856
0.482861
0.218783
0.000000
0.350371
0.850000
0.706462
0.246359
0.127357
0.202701
0.044506
0.000000
0.301274
0.183535
0.000000
0.000000
0.172517
0.166672
0.000000
0.850000
0.567555
0.003962
0.000000
0.000000
0.329250
0.214070
0.741512
0.343168
0.000000
0.407537
0.000000
0.000000
0.000000
0.524738
0.850000
0.850000
0.850000
0.526233
0.362725
0.271330
0.850000
0.000000
0.126004
0.850000
0.681058
0.130946
0.000000
0.000000
0.000000
0.101301
0.850000
0.712618
0.475367
0.075631
0.850000
0.533396
0.666294
0.205271
0.000000
0.342606
0.850000
0.000000
0.725609
0.420841
0.231610
0.850000
0.850000
0.281647
0.000000
0.000000
0.147264
0.124698
0.850000
0.850000
0.000000
0.425206
0.253437
0.007874
0.577484
0.130849
0.000000
0.681322
0.000000
0.228633
0.420980
0.137920
0.007723
0.477389
0.325131
0.359071
0.000000
0.850000
0.850000
0.095583
0.072571
0.000000
0.000000
0.000000
0.786602
0.390852
0.000000
0.016679
0.000000
0.155340
0.009578
0.065834
0.850000
0.000000
0.173832
0.756263
0.850000
0.177939
0.000000
0.491489
0.224944
0.522825
0.372989
0.850000
0.417048
0.701558
0.001828
0.000000
0.140036
0.178232
0.490641
0.436950
0.533165
0.000000
0.028595
0.000000
0.834346
0.850000
0.850000
0.813344
0.735164
0.157534
0.279483
0.089161
0.223203
0.850000
0.221701
0.592715
0.850000
0.650292
0.850000
0.850000
0.221519
0.000000
0.532187
0.127212
0.168027
0.382717
0.850000
0.622149
0.850000
0.850000
0.850000
0.205770
0.007695
0.221656
0.158979
0.153711
0.000000
0.026814
0.174986
0.000000
0.850000
0.850000
0.370781
0.000000
0.000000
0.139191
0.064428
0.000000
0.000000
0.125248
0.239300
0.137741
0.199627
0.000000
0.424529
0.000000
0.000000
0.270236
0.751252
0.346192
0.366674
0.850000
0.747123
0.000000
0.738405
0.850000
0.850000
0.194018
0.850000
0.153915
0.850000
0.621900
0.726352
0.501702
0.818207
0.000000
0.715088
0.377785
0.009188
0.850000
0.119239
0.077959
0.000000
0.834379
0.120579
0.069644
0.850000
0.707701
0.000000
0.092700
0.115428
0.426753
0.850000
0.850000
0.000000
0.112314
0.000000
0.675989
0.267194
0.755092
0.164344
0.850000
0.558400
0.220713
0.014669
0.204793
0.100629
0.850000
0.337748
0.742915
0.777054
0.591044
0.191427
0.471833
0.000000
0.168239
0.289519
0.246486
0.379931
0.679578
0.071611
0.796583
0.226591
0.489194
0.000000
0.109792
0.448737
0.000000
0.368970
0.088964
0.000000
0.000000
0.850000
0.128842
0.374885
0.518341
0.240462
0.045941
0.000000
0.194804
0.120671
0.000000
0.850000
0.546844
0.079483
0.850000
0.603943
0.091126
0.850000
0.850000
0.850000
0.850000
0.850000
0.000000
0.072974
0.171193
0.100843
0.304723
0.000000
0.648414
0.145697
0.000000
0.096431
0.458340
0.000000
0.596891
0.000000
0.850000
0.850000
0.850000
0.850000
0.023991
0.324258
0.850000
0.682434
0.651264
0.112090
0.340621
0.850000
0.850000
0.381389
0.850000
0.295916
0.000000
0.850000
0.597389
0.140979
0.000000
0.246424
0.850000
0.850000
0.728703
0.057029
0.000000
0.043702
0.058660
0.251261
0.369761
0.850000
0.850000
0.451587
0.814886
0.316866
0.198677
0.696976
0.000000
0.047488
0.000000
0.004557
0.731006
0.152512
0.186345
0.000000
0.202577
0.736164
0.850000
0.353975
0.608248
0.112647
0.850000
0.429294
0.575509
0.850000
0.000000
0.000000
0.372828
0.000000
0.000000
0.008267
0.248719
0.000000
0.000000
0.395220
0.000000
0.287763
0.045879
0.850000
0.850000
0.462295
0.850000
0.850000
0.850000
0.235477
0.000000
0.362929
0.251440
0.268239
0.000000
0.850000
0.000000
0.000000
0.850000
0.057482
0.000000
0.596454
0.140954
0.850000
0.850000
0.699123
0.000000
0.000000
0.336898
0.000000
0.753990
0.850000
0.000000
0.850000
0.000000
0.013806
0.850000
0.641057
0.809601
0.000000
0.000000
0.468580
0.819684
0.026606
0.000000
0.144998
0.258596
0.606756
0.000000
0.000000
0.077250
0.459275
0.850000
0.850000
0.000000
0.518659
0.000000
0.850000
0.000000
0.000000
0.057268
0.774087
0.850000
0.850000
0.730969
0.238875
0.112476
0.000000
0.000000
0.000000
0.000000
0.850000
0.000000
0.850000
0.550309
0.000000
0.000000
0.215130
0.602025
0.671239
0.850000
0.759527
0.143240
0.767662
0.000000
0.000000
0.850000
0.000000
0.850000
0.000000
0.850000
0.850000
0.850000
0.000000
0.000000
0.135552
0.000000
0.000000
0.000000
0.000000
0.000000
0.000000
0.000000
0.000000
0.475957
0.000000
0.741581
0.000000
0.850000
0.000000
0.494922
0.816456
0.000000
0.000000
0.264515
0.626870
0.000000
0.655383
0.212319
0.000000
0.850000
0.000000
0.000000
0.850000
0.414764
0.000000
0.065682
0.000000
0.000000
0.850000
0.000000
0.850000
0.000000
0.233607
0.000000
0.000000
