0.000000
0.000000
0.000000
0.000000
0.000000
0.000000
0.090543
0.850000
0.850000
0.044412
0.630986
0.370727
0.705739
0.850000
0.850000
0.850000
0.775884
0.000000
0.000000
0.000000
0.000000
0.850000
0.000000
0.000000
0.000000
0.850000
0.000000
0.768500
0.850000
0.211283
0.840695
0.850000
0.745106
0.118330
0.000000
0.850000
0.000000
0.271562
0.850000
0.000000
0.572449
0.190018
0.850000
0.850000
0.642610
0.000000
0.256422
0.000000
0.592106
0.850000
0.000000
0.428187
0.850000
0.000000
0.850000
0.000000
0.850000
0.580530
0.000000
0.000000
0.552582
0.000000
0.850000
0.000000
0.000000
0.000000
0.314671
0.156519
0.850000
0.000000
0.850000
0.354708
0.237211
0.000000
0.000000
0.850000
0.850000
0.434208
0.850000
0.850000
0.438454
0.076109
0.000000
0.023070
0.392193
0.000000
0.532541
0.031630
0.850000
0.699875
0.429070
0.850000
0.850000
0.656026
0.850000
0.850000
0.000000
0.836424
0.000000
0.850000
0.000000
0.000000
0.128177
0.000000
0.000000
0.000000
0.000000
0.000000
0.000000
0.000000
0.000000
0.000000
0.000000
0.000000
0.850000
0.850000
0.826263
0.000000
0.000000
0.066581
0.668958
0.059426
0.000000
0.220776
0.850000
0.147388
0.000000
0.850000
0.156155
0.637778
0.230695
0.850000
0.000000
0.144087
0.850000
0.255811
0.000000
0.220155
0.000000
0.059164
0.307008
0.493834
0.000000
0.432293
0.850000
0.000000
0.000000
0.488896
0.850000
0.850000
0.407136
0.009046
0.029936
0.264391
0.031453
0.328212
0.022928
0.000000
0.000000
0.850000
0.850000
0.546364
0.002809
0.000000
0.000000
0.517590
0.772723
0.358392
0.291695
0.850000
0.000000
0.744631
0.353413
0.850000
0.492796
0.000000
0.000000
0.000000
0.000000
0.850000
0.302125
0.203869
0.000000
0.000000
0.692673
0.688954
0.131501
0.100383
0.604333
0.260220
0.000000
0.000000
0.130575
0.000000
0.252418
0.173105
0.714412
0.850000
0.850000
0.850000
0.850000
0.850000
0.715017
0.000000
0.850000
0.000000
0.000000
0.850000
0.850000
0.000000
0.000000
0.000000
0.666963
0.850000
0.850000
0.369333
0.000000
0.000000
0.000000
0.201148
0.000000
0.425981
0.850000
0.324953
0.641814
0.594577
0.000000
0.000000
0.697060
0.701326
0.000000
0.850000
0.000000
0.850000
0.495367
0.251846
0.850000
0.179219
0.102219
0.000000
0.000000
0.583398
0.850000
0.162201
0.467997
0.331823
0.258070
0.322325
0.360195
0.102078
0.527316
0.131621
0.000000
0.000000
0.551355
0.850000
0.738582
0.850000
0.850000
0.480290
0.159994
0.850000
0.850000
0.190934
0.104036
0.205597
0.000000
0.830690
0.084278
0.850000
0.728413
0.850000
0.443527
0.000000
0.523737
0.850000
0.725300
0.000000
0.368040
0.086948
0.238878
0.850000
0.000000
0.429060
0.850000
0.711803
0.597532
0.850000
0.850000
0.850000
0.850000
0.673698
0.850000
0.484986
0.000000
0.156851
0.310645
0.015105
0.097983
0.070864
0.664844
0.493685
0.814561
0.850000
0.268521
0.116925
0.000000
0.033421
0.507205
0.203898
0.526603
0.099878
0.000000
0.416096
0.205152
0.463822
0.070915
0.000000
0.569817
0.227060
0.000000
0.654593
0.706336
0.850000
0.138049
0.850000
0.000000
0.000000
0.093702
0.214592
0.174489
0.321183
0.850000
0.760588
0.246547
0.210892
0.056945
0.443639
0.616796
0.000000
0.346472
0.343541
0.310625
0.850000
0.168905
0.000000
0.850000
0.546268
0.153214
0.850000
0.850000
0.850000
0.850000
0.303617
0.000000
0.161232
0.212632
0.460761
0.487412
0.000000
0.000000
0.176765
0.128507
0.426530
0.633817
0.481273
0.000000
0.422302
0.257448
0.000000
0.066117
0.156977
0.700986
0.106306
0.850000
0.850000
0.299947
0.614447
0.448644
0.000000
0.576310
0.119227
0.245357
0.850000
0.850000
0.416949
0.226009
0.628871
0.143283
0.000000
0.113151
0.533044
0.000000
0.000000
0.086785
0.192902
0.207670
0.184990
0.017986
0.447021
0.850000
0.850000
0.403285
0.812324
0.850000
0.850000
0.000000
0.850000
0.850000
0.850000
0.850000
0.850000
0.000000
0.755363
0.381908
0.850000
0.783031
0.493128
0.286557
0.850000
0.838602
0.850000
0.850000
0.783190
0.850000
0.850000
0.788354
0.850000
0.670702
0.000000
0.440547
0.570004
0.850000
0.449381
0.199698
0.218004
0.323750
0.070624
0.000000
0.173005
0.615052
0.850000
0.052652
0.000000
0.850000
0.240640
0.725547
0.211942
0.219459
0.008802
0.558445
0.850000
0.384479
0.850000
0.850000
0.301357
0.594821
0.000000
0.231566
0.108449
0.744198
0.850000
0.000000
0.850000
0.133295
0.850000
0.000000
0.000000
0.288572
0.495546
0.080313
0.209575
0.056495
0.346718
0.212184
0.551833
0.850000
0.850000
0.850000
0.000000
0.000000
0.000000
0.000000
0.098284
0.000000
0.000000
0.075932
0.100790
0.000000
0.311525
0.000000
0.286626
0.015848
0.000000
0.039157
0.214769
0.106296
0.000000
0.135497
0.000000
0.332775
0.447604
0.739785
0.165439
0.616945
0.744609
0.422577
0.114863
0.000000
0.000000
0.850000
0.000000
0.028849
0.850000
0.850000
0.850000
0.569296
0.850000
0.232372
0.086126
0.850000
0.371983
0.850000
0.292680
0.000000
0.000000
0.000000
0.000000
0.365184
0.000000
0.000000
0.000000
0.000000
0.746604
0.000000
0.000000
0.850000
0.000000
0.850000
0.850000
0.000000
0.000000
0.616118
0.000000
0.000000
0.051258
0.850000
0.389456
0.500248
0.000000
0.077048
0.642824
0.247724
0.230034
0.850000
0.850000
0.826815
0.492148
0.321590
0.509184
0.123803
0.000000
0.850000
0.085908
0.000000
0.268339
0.633137
0.000000
0.358009
0.295629
0.000000
0.000000
0.101347
0.000000
0.107169
0.324853
0.097166
0.000000
0.000000
0.330500
0.000000
0.000000
0.094093
0.000000
0.000000
0.000000
0.380438
0.698232
0.122164
0.502705
0.623568
0.502601
0.850000
0.678907
0.850000
0.850000
0.000000
0.000000
0.344386
0.000000
0.719918
0.000000
0.709721
0.139576
0.000000
0.172502
0.562853
0.850000
0.000000
0.850000
0.163269
0.543667
0.850000
0.000000
0.000000
0.702132
0.067855
0.245231
0.032822
0.510792
0.446012
0.574503
0.377642
0.248487
0.563238
0.805857
0.850000
0.850000
0.750019
0.373080
0.850000
0.000000
0.060878
0.850000
0.000000
0.549751
0.000000
0.000000
0.000000
0.321857
0.117927
0.000000
0.135106
0.059711
0.000000
0.000000
0.716733
0.465772
0.000000
0.599065
0.000000
0.000000
0.000000
0.850000
0.000000
0.426418
0.570902
0.198184
0.108445
0.000000
0.000000
0.000000
0.183203
0.343415
0.323310
0.000000
0.464773
0.000000
0.645637
0.000000
0.647557
0.090977
0.098829
0.000000
0.850000
0.825711
0.658613
0.850000
0.000000
0.000000
0.850000
0.637253
0.850000
0.850000
0.850000
0.850000
0.752682
0.455371
0.000000
0.000000
0.149729
0.405811
0.000000
0.000000
0.850000
0.000000
0.487239
0.244958
0.850000
0.850000
0.174031
0.136081
0.383886
0.826265
0.000000
0.353492
0.000000
0.850000
0.000000
0.000000
0.000000
0.282887
0.645902
0.051022
0.208787
0.850000
0.811105
0.850000
0.806633
0.072260
0.178206
0.082338
0.000000
0.775376
0.343185
0.251425
0.587933
0.000000
0.843980
0.000000
0.000000
0.000000
0.118733
0.649014
0.850000
0.100659
0.164568
0.000000
0.850000
0.753256
0.460269
0.291113
0.744141
0.000000
0.654066
0.835417
0.850000
0.580381
0.331051
0.127184
0.417767
0.122240
0.081308
0.359188
0.811243
0.000000
0.000000
0.850000
0.328497
0.000000
0.850000
0.000000
0.000000
0.000000
0.000000
0.000000
0.000000
0.000000
0.000000
0.157558
0.000000
0.000000
0.000000
0.032999
0.000000
0.581409
0.850000
0.355829
0.695098
0.000000
0.850000
0.303594
0.000000
0.001376
0.059054
0.850000
0.850000
0.402491
0.850000
0.164959
0.000000
0.000000
0.179413
0.000000
0.850000
0.000000
0.000000
0.379976
0.000000
0.850000
0.524146
0.000000
0.000000
0.445008
0.314946
0.340764
0.217000
0.000000
0.000000
0.000000
0.275325
0.850000
0.379380
0.326889
0.850000
0.000000
0.334522
0.850000
0.272121
0.000000
0.000000
0.000000
0.274175
0.554685
0.039645
0.850000
0.803828
0.850000
0.624120
0.850000
0.850000
0.850000
0.647524
0.000000
0.000000
0.000000
0.000000
0.255035
0.116642
0.187606
0.354372
0.000000
0.000000
0.850000
0.000000
0.850000
0.000000
0.000000
0.059791
0.332891
0.081186
0.000000
0.505530
0.288426
0.718262
0.197162
0.850000
0.211468
0.753378
0.589885
0.850000
0.098488
0.221523
0.425270
0.726139
0.038304
0.805360
0.451500
0.102674
0.416546
0.512558
0.784507
0.133160
0.068321
0.069101
0.000000
0.172144
0.000000
0.000000
0.395937
0.406354
0.327998
0.850000
0.000000
0.277660
0.646409
0.470216
0.710201
0.243708
0.432105
0.000000
0.122291
0.000000
0.000000
0.000000
0.108518
0.000000
0.000000
0.000000
0.000000
0.850000
0.000000
0.000000
0.495926
0.540280
0.850000
0.258142
0.850000
0.455047
0.590188
0.850000
0.850000
0.850000
0.542203
0.850000
0.515321
0.850000
0.850000
0.414889
0.534015
0.850000
0.850000
0.028819
0.850000
0.209725
0.139708
0.850000
0.000000
0.543492
0.000000
0.249279
0.139202
0.000000
0.000000
0.321967
0.335959
0.000000
0.838965
0.714756
0.075788
0.000000
0.000000
0.392717
0.000000
0.850000
0.532482
0.000000
0.000000
0.140946
0.024619
0.850000
0.599395
0.850000
0.850000
0.000000
0.787906
0.000000
0.000000
0.000000
0.000000
0.258940
0.000000
0.178309
0.000000
0.205720
0.037429
0.060418
0.536944
0.000000
0.026032
0.000000
0.101347
0.000000
0.063534
0.000000
0.169260
0.000000
0.000000
0.273349
0.850000
0.000000
0.039432
0.049750
0.628248
0.701849
0.850000
0.291617
0.000000
0.000000
0.850000
0.000000
0.493103
0.000000
0.000000
0.000000
0.000000
0.073023
0.324975
0.000000
0.183431
0.350696
0.098500
0.000000
0.162150
0.809334
0.805299
0.000000
0.000000
0.510814
0.850000
0.631486
0.460977
0.288564
0.470759
0.512668
0.283353
0.180840
0.195758
0.275242
0.163963
0.107600
0.850000
0.456029
0.555296
0.247777
0.066455
0.000000
0.000000
0.534499
0.850000
0.850000
0.850000
0.850000
0.850000
0.850000
0.000000
0.673570
0.131754
0.850000
0.416805
0.000000
0.000000
0.210365
0.691456
0.850000
0.090071
0.850000
0.506106
0.098978
0.165270
0.233064
0.554013
0.850000
0.248972
0.000000
0.645116
0.721773
0.000000
0.000000
0.437027
0.409019
0.000000
0.000000
0.034581
0.099583
0.000000
0.163412
0.433935
0.000000
0.267466
0.000000
0.028159
0.784395
0.131159
0.244524
0.772766
0.000000
0.850000
0.000000
0.850000
0.000000
0.000000
0.850000
0.316982
0.850000
0.850000
0.000000
0.000000
0.000000
0.000000
0.000000
0.000000
0.000000
0.000000
0.000000
0.346851
0.524130
0.000000
0.112988
0.087972
0.000000
0.000000
0.000000
0.400771
0.850000
0.376654
0.000000
0.000000
0.000000
0.000000
0.060855
0.146061
0.000000
0.054063
0.200731
0.000000
0.000000
0.126661
0.237807
0.850000
0.630363
0.850000
0.268765
0.850000
0.850000
0.850000
0.000000
0.000000
0.109003
0.104452
0.197148
0.000000
0.000000
0.000000
0.360690
0.000000
0.000000
0.153592
0.000000
0.000000
0.000000
0.850000
0.295029
0.850000
0.850000
0.000000
0.850000
0.127632
0.600883
0.121798
0.000000
0.198516
0.000000
0.184927
0.000000
0.000000
0.850000
0.000000
0.850000
0.000000
0.000000
0.000000
0.000000
0.000000
0.850000
0.041074
0.000000
0.000000
0.000000
0.000000
0.000000
0.000000
0.000000
0.474796
0.283840
0.000000
0.000000
0.000000
0.850000
0.000000
0.698847
0.000000
0.150142
0.000000
0.437115
0.080811
0.000000
0.000000
0.000000
0.137573
0.000000
0.225606
0.038455
0.280040
0.784969
0.850000
0.850000
0.010603
0.815742
0.310796
0.850000
0.130260
0.035027
0.344848
0.000000
0.465365
0.294194
0.000000
0.850000
0.288061
0.836681
0.000000
0.764506
0.850000
0.392429
0.496301
0.256283
0.421338
0.000000
0.000000
0.043602
0.453983
0.028082
0.332645
0.274902
0.294868
0.274080
0.496165
0.000000
0.132946
0.850000
0.850000
0.127096
0.142481
0.527556
0.466768
0.352208
0.226180
0.350948
0.334239
0.347357
0.498456
0.272720
0.000000
0.850000
0.497036
0.524216
0.000000
0.736952
0.505159
0.307085
0.311816
0.000000
0.030345
0.196216
0.261024
0.000000
0.000000
0.850000
0.706486
0.807066
0.850000
0.648607
0.696708
0.000000
0.850000
0.726094
0.000000
0.850000
0.385163
0.551153
0.394778
0.254319
0.000000
0.082165
0.850000
0.418327
0.617572
0.089230
0.730314
0.850000
0.333659
0.066404
0.000000
0.137785
0.850000
0.000000
0.238925
0.278533
0.410281
0.836094
0.670022
0.057124
0.452304
0.189873
0.781217
0.013721
0.692152
0.645047
0.331548
0.540215
0.850000
0.588144
0.850000
0.354932
0.476186
0.850000
0.172537
0.490190
0.000000
0.224627
0.000000
0.000000
0.850000
0.572925
0.850000
0.176223
0.745450
0.850000
0.000000
0.000000
0.000000
0.000000
0.788895
0.664840
0.729408
0.814530
0.369992
0.469168
0.364211
0.000000
0.850000
0.080903
0.150840
0.850000
0.000000
0.000000
0.000000
0.668502
0.000000
0.000000
0.850000
0.510370
0.850000
0.506572
0.000000
0.000000
0.547801
0.745201
0.248101
0.185951
0.000000
0.009785
0.000000
0.242823
0.850000
0.850000
0.850000
0.850000
0.672186
0.000000
0.124025
0.133797
0.113339
0.806568
0.357460
0.486009
0.850000
0.443575
0.602073
0.339995
0.000000
0.000000
0.363542
0.145577
0.163589
0.622367
0.850000
0.000000
0.850000
0.000000
0.000000
0.000000
0.111055
0.152412
0.000000
0.000000
0.000000
0.000000
0.000000
0.000000
0.509035
0.850000
0.714215
0.551473
0.000000
0.000000
0.000000
0.000000
0.000000
0.231829
0.000000
0.274157
0.000000
0.000000
0.335566
0.230724
0.240356
0.022120
0.664508
0.000000
0.306222
0.667232
0.744381
0.538108
0.643333
0.850000
0.148585
0.228489
0.622608
0.000000
0.097592
0.120986
0.101964
0.311305
0.042082
0.000000
0.850000
0.761974
0.354928
0.850000
0.000000
0.267863
0.000000
0.102333
0.584670
0.254227
0.095025
0.187429
0.000000
0.000000
0.220440
0.000000
0.787528
0.430353
0.000000
0.000000
0.850000
0.000000
0.000000
0.004171
0.103694
0.721879
0.850000
0.506340
0.407411
0.062134
0.081469
0.850000
0.528997
0.850000
0.000000
0.149002
0.130374
0.169001
0.000000
0.000000
0.000000
0.103529
0.000000
0.169722
0.000000
0.510167
0.197795
0.608422
0.000000
0.000000
0.371421
0.000000
0.713165
0.000000
0.000000
0.000000
0.000000
0.319868
0.000000
0.570375
0.850000
0.487703
0.007450
0.000000
0.266817
0.000000
0.146548
0.351677
0.317580
0.850000
0.000000
0.279671
0.636530
0.517330
0.850000
0.850000
0.850000
0.009148
0.323261
0.535228
0.387656
0.013715
0.000000
0.402192
0.065946
0.000000
0.000000
0.000000
0.306300
0.601849
0.004325
0.850000
0.850000
0.790790
0.190482
0.202624
0.249043
0.450132
0.413263
0.000000
0.000000
0.000000
0.452257
0.831773
0.361822
0.777814
0.551652
0.464946
0.729925
0.615778
0.000000
0.000000
0.045182
0.417191
0.850000
0.226172
0.000000
0.275612
0.290588
0.000000
0.000000
0.850000
0.514140
0.000000
0.491094
0.681242
0.032311
0.000000
0.115671
0.000000
0.355459
0.000000
0.850000
0.850000
0.000000
0.000000
0.000000
0.468042
0.000000
0.850000
0.750585
0.582272
0.366389
0.850000
0.000000
0.400219
0.850000
0.020007
0.006141
0.106249
0.355516
0.084573
0.000000
0.074918
0.000000
0.025513
0.000000
0.416874
0.000000
0.000000
0.000000
0.850000
0.789164
0.850000
0.850000
0.850000
0.000000
0.309475
0.850000
0.000000
0.000000
0.000000
0.319833
0.285715
0.106231
0.221201
0.032102
0.000000
0.474721
0.134019
0.850000
0.000000
0.796553
0.000000
0.000000
0.000000
0.000000
0.850000
0.850000
0.000000
0.850000
0.791782
0.781877
0.000000
0.850000
0.000000
0.850000
0.850000
0.000000
0.850000
0.850000
0.850000
0.308209
0.294787
0.000000
0.850000
0.000000
0.000000
0.000000
0.000000
0.762808
0.000000
0.000000
0.000000
0.000000
0.000000
0.000000
0.000000
0.000000
0.000000
0.000000
0.000000
0.000000
0.000000
0.000000
0.000000
0.000000
0.000000
0.000000
0.000000
0.000000
0.000000
0.000000
0.000000
0.000000
0.000000
0.000000
0.000000
0.000000
0.000000
0.000000
0.000000
0.000000
0.000000
0.000000
0.000000
0.000000
0.000000
0.000000
0.000000
0.000000
0.000000
0.000000
0.000000
0.000000
0.000000
0.000000
0.000000
0.000000
0.000000
0.000000
0.000000
0.000000
0.000000
0.000000
0.000000
0.000000
0.000000
0.000000
0.000000
0.000000
0.000000
0.000000
0.000000
0.000000
0.000000
0.000000
0.000000
0.000000
0.000000
0.000000
0.000000
0.000000
0.000000
0.000000
0.000000
0.000000
0.000000
0.000000
0.000000
0.000000
0.000000
0.000000
