0.000000
0.000000
0.811647
0.000000
0.012364
0.000000
0.850000
0.395185
0.850000
0.424706
0.146794
0.600229
0.850000
0.605815
0.000000
0.586404
0.850000
0.000000
0.136394
0.206333
0.518873
0.850000
0.023766
0.020462
0.000000
0.850000
0.000000
0.850000
0.457981
0.737383
0.850000
0.342273
0.850000
0.224279
0.640572
0.359207
0.385388
0.000000
0.219555
0.850000
0.850000
0.000000
0.674011
0.850000
0.047872
0.000000
0.061713
0.000000
0.245662
0.397032
0.431796
0.047642
0.850000
0.758330
0.850000
0.537078
0.099318
0.160387
0.830562
0.296750
0.000000
0.538211
0.670687
0.031605
0.000000
0.000000
0.385972
0.126388
0.850000
0.850000
0.850000
0.000000
0.000000
0.247761
0.000000
0.000000
0.850000
0.187917
0.745946
0.850000
0.375971
0.000000
0.000000
0.285998
0.321816
0.000000
0.135201
0.018256
0.604120
0.850000
0.142424
0.850000
0.462843
0.455859
0.000000
0.850000
0.244772
0.538404
0.276361
0.850000
0.474061
0.000000
0.192676
0.000000
0.000000
0.249955
0.453222
0.507264
0.724342
0.000000
0.090818
0.340674
0.390122
0.000000
0.290233
0.489840
0.771290
0.000000
0.000000
0.105502
0.000000
0.843485
0.109919
0.000000
0.850000
0.566455
0.236526
0.000000
0.616221
0.165637
0.000000
0.850000
0.121479
0.000000
0.000000
0.110495
0.000000
0.850000
0.000000
0.129023
0.188704
0.246860
0.092266
0.341133
0.850000
0.000000
0.826884
0.523158
0.850000
0.850000
0.467677
0.160133
0.000000
0.850000
0.000000
0.045080
0.850000
0.445529
0.000000
0.850000
0.469938
0.494235
0.000000
0.197651
0.000000
0.850000
0.641966
0.415929
0.769667
0.850000
0.040829
0.682495
0.850000
0.850000
0.501584
0.211919
0.850000
0.833378
0.345461
0.014990
0.207434
0.102258
0.000000
0.000000
0.000000
0.048593
0.528304
0.000000
0.850000
0.477269
0.850000
0.850000
0.000000
0.000000
0.620009
0.850000
0.679881
0.850000
0.850000
0.579478
0.850000
0.850000
0.720773
0.000000
0.491357
0.850000
0.000000
0.399786
0.312179
0.850000
0.336570
0.850000
0.318909
0.602945
0.770117
0.035921
0.850000
0.000000
0.000000
0.850000
0.000000
0.298792
0.000000
0.850000
0.549264
0.000000
0.238165
0.416736
0.850000
0.118331
0.535792
0.658581
0.321083
0.850000
0.850000
0.850000
0.778589
0.008383
0.000000
0.000000
0.290483
0.850000
0.850000
0.308267
0.685096
0.091683
0.287464
0.031843
0.000000
0.054780
0.592156
0.850000
0.000000
0.057379
0.283451
0.282860
0.424038
0.214376
0.850000
0.000000
0.228829
0.288961
0.036411
0.530713
0.614142
0.511760
0.445563
0.254991
0.085526
0.850000
0.850000
0.536747
0.489458
0.203786
0.465438
0.850000
0.000000
0.000000
0.850000
0.850000
0.000000
0.673056
0.557094
0.577234
0.850000
0.850000
0.823597
0.850000
0.850000
0.347495
0.161150
0.640167
0.765409
0.000000
0.166763
0.000000
0.000000
0.000000
0.645005
0.770321
0.850000
0.000000
0.337979
0.438715
0.595292
0.850000
0.000000
0.000000
0.254926
0.392689
0.000000
0.850000
0.001834
0.000000
0.425863
0.808643
0.007697
0.344222
0.154585
0.000000
0.513597
0.117037
0.850000
0.850000
0.000000
0.236427
0.850000
0.000000
0.000000
0.850000
0.651286
0.233170
0.287124
0.000000
0.850000
0.720564
0.000000
0.000000
0.082631
0.000000
0.151492
0.000000
0.143642
0.754412
0.565756
0.000000
0.667425
0.416096
0.850000
0.272173
0.850000
0.140014
0.523048
0.000000
0.000000
0.000000
0.850000
0.000000
0.826288
0.125013
0.000000
0.039727
0.000000
0.325453
0.850000
0.532653
0.740306
0.000000
0.850000
0.391111
0.000000
0.000000
0.000000
0.110868
0.719080
0.850000
0.784967
0.850000
0.850000
0.467447
0.263183
0.340126
0.634188
0.850000
0.850000
0.850000
0.850000
0.620162
0.216835
0.000000
0.850000
0.691317
0.000000
0.270914
0.218742
0.186642
0.412051
0.000000
0.224195
0.480283
0.850000
0.731100
0.000000
0.000000
0.000000
0.000000
0.000000
0.000000
0.000000
0.000000
0.000000
0.000000
0.000000
0.000000
0.000000
0.000000
0.000000
0.000000
0.000000
0.000000
0.000000
0.000000
0.000000
0.000000
0.000000
0.000000
0.000000
0.850000
0.296905
0.000000
0.000000
0.000000
0.000000
0.000000
0.000000
0.000000
0.000000
0.000000
0.000000
0.000000
0.000000
0.000000
0.000000
0.000000
0.000000
0.000000
0.000000
0.000000
0.000000
0.000000
0.000000
0.000000
0.000000
0.000000
0.000000
0.000000
0.000000
0.000000
0.000000
0.000000
0.000000
0.000000
0.000000
0.850000
0.850000
0.457895
0.190486
0.000000
0.437690
0.000000
0.000000
0.418150
0.000000
0.399678
0.443735
0.011827
0.792291
0.850000
0.000000
0.736970
0.535131
0.850000
0.787885
0.258379
0.353117
0.364733
0.000000
0.466326
0.051246
0.143446
0.000000
0.000000
0.000000
0.000000
0.298457
0.368370
0.000000
0.068670
0.225167
0.075617
0.180406
0.031248
0.850000
0.850000
0.366118
0.000000
0.635031
0.000000
0.266881
0.000000
0.345256
0.473193
0.254148
0.850000
0.850000
0.000000
0.850000
0.850000
0.707136
0.000000
0.850000
0.317697
0.850000
0.000000
0.000000
0.000000
0.000000
0.664804
0.680823
0.850000
0.000000
0.150197
0.000000
0.000000
0.299311
0.000000
0.756963
0.000000
0.848485
0.850000
0.581683
0.110364
0.000000
0.051473
0.000000
0.000000
0.385154
0.000000
0.699095
0.216885
0.000000
0.036499
0.119237
0.850000
0.850000
0.850000
0.850000
0.453483
0.526703
0.120263
0.093812
0.711931
0.000000
0.000000
0.000000
0.199955
0.000000
0.407324
0.748493
0.377758
0.256403
0.203300
0.564166
0.828943
0.662872
0.060793
0.000000
0.000000
0.633875
0.000000
0.000000
0.117527
0.000000
0.000000
0.090553
0.208275
0.658235
0.850000
0.688923
0.850000
0.835280
0.556489
0.729610
0.850000
0.850000
0.421675
0.342374
0.657250
0.626601
0.000000
0.000000
0.000000
0.415709
0.176409
0.511317
0.796888
0.850000
0.554612
0.080565
0.850000
0.000000
0.745571
0.000000
0.850000
0.430497
0.282080
0.234222
0.034413
0.000000
0.255924
0.455330
0.850000
0.589167
0.086423
0.000000
0.850000
0.850000
0.850000
0.759097
0.297717
0.850000
0.345562
0.000000
0.000000
0.000000
0.000000
0.246489
0.000000
0.850000
0.320975
0.099356
0.195048
0.000000
0.672352
0.821644
0.603050
0.000000
0.850000
0.000000
0.000000
0.144818
0.000000
0.409767
0.000000
0.000000
0.580775
0.777616
0.000000
0.650346
0.096820
0.460301
0.000000
0.000000
0.000000
0.000000
0.447035
0.528488
0.834334
0.730886
0.222147
0.000000
0.303982
0.527719
0.000000
0.850000
0.000000
0.850000
0.518914
0.016991
0.850000
0.118822
0.383551
0.850000
0.654849
0.720894
0.564043
0.850000
0.089793
0.017236
0.198559
0.000000
0.389931
0.749970
0.528427
0.101523
0.591023
0.850000
0.171713
0.850000
0.850000
0.144166
0.465339
0.445471
0.000000
0.000000
0.000000
0.850000
0.850000
0.019740
0.000000
0.012832
0.000000
0.244720
0.219582
0.000000
0.850000
0.309413
0.731891
0.206355
0.000000
0.000000
0.000000
0.698991
0.588634
0.000000
0.000000
0.850000
0.000000
0.062153
0.247328
0.000000
0.296861
0.807468
0.827205
0.850000
0.850000
0.156595
0.007758
0.850000
0.762766
0.785401
0.016786
0.458107
0.000000
0.754877
0.850000
0.784457
0.850000
0.085706
0.000000
0.297301
0.000000
0.439527
0.110549
0.000000
0.097245
0.378372
0.594791
0.180847
0.000000
0.000000
0.104756
0.289139
0.000000
0.124217
0.000000
0.340742
0.642804
0.000000
0.000000
0.000000
0.000000
0.014882
0.000000
0.461749
0.000000
0.850000
0.397156
0.033561
0.280331
0.342480
0.850000
0.405044
0.850000
0.068967
0.356813
0.850000
0.320334
0.850000
0.277995
0.303506
0.000000
0.000000
0.318657
0.299585
0.000000
0.224793
0.566835
0.213949
0.850000
0.000000
0.222833
0.000000
0.799842
0.850000
0.479234
0.219319
0.411586
0.000000
0.044389
0.689617
0.000000
0.097767
0.095510
0.022665
0.386624
0.850000
0.264435
0.659964
0.332995
0.133162
0.032160
0.072564
0.733566
0.086605
0.850000
0.850000
0.850000
0.850000
0.645073
0.046512
0.323670
0.000000
0.145636
0.000000
0.067998
0.289188
0.000000
0.618795
0.000000
0.000000
0.000000
0.000000
0.000000
0.000000
0.758753
0.381040
0.000000
0.585259
0.518866
0.061989
0.000000
0.850000
0.397880
0.000000
0.162078
0.850000
0.000000
0.213974
0.000000
0.000000
0.850000
0.775878
0.164573
0.341142
0.000000
0.620684
0.000000
0.381593
0.000000
0.439412
0.000000
0.575517
0.424422
0.586287
0.000000
0.024034
0.000000
0.000000
0.000000
0.654116
0.000000
0.850000
0.850000
0.412063
0.296485
0.610060
0.332815
0.042650
0.170366
0.000000
0.263828
0.483662
0.686441
0.850000
0.000000
0.169638
0.188751
0.000000
0.719273
0.850000
0.343694
0.451149
0.102209
0.000000
0.139607
0.000000
0.162721
0.000000
0.542448
0.456167
0.850000
0.118228
0.219524
0.850000
0.850000
0.703263
0.850000
0.177432
0.850000
0.850000
0.850000
0.850000
0.850000
0.000000
0.000000
0.850000
0.850000
0.000000
0.000000
0.725462
0.509139
0.388589
0.095100
0.000000
0.000000
0.173894
0.000000
0.356429
0.303647
0.452417
0.850000
0.850000
0.850000
0.000000
0.667018
0.000000
0.000000
0.067243
0.000000
0.000000
0.154048
0.850000
0.745040
0.850000
0.238706
0.000000
0.173138
0.000000
0.000000
0.314260
0.000000
0.850000
0.460490
0.107375
0.618224
0.474893
0.000000
0.112707
0.000000
0.836622
0.572520
0.000000
0.000000
0.336401
0.045361
0.850000
0.387876
0.000000
0.651907
0.000000
0.670972
0.784776
0.395304
0.850000
0.850000
0.047512
0.762862
0.850000
0.000000
0.000000
0.641737
0.131824
0.024946
0.850000
0.000000
0.836447
0.850000
0.724868
0.347967
0.503778
0.430218
0.000000
0.000000
0.850000
0.083292
0.329259
0.202138
0.173610
0.850000
0.000000
0.435233
0.486542
0.000000
0.335724
0.701163
0.301712
0.000000
0.100878
0.000000
0.000000
0.850000
0.000000
0.000000
0.508649
0.341506
0.000000
0.000000
0.399818
0.828844
0.850000
0.850000
0.850000
0.850000
0.338811
0.000000
0.850000
0.603961
0.751211
0.161952
0.000000
0.016096
0.583333
0.432915
0.673681
0.006187
0.798210
0.152414
0.116713
0.153630
0.850000
0.000000
0.850000
0.000000
0.663349
0.850000
0.148165
0.475392
0.850000
0.389502
0.646163
0.689761
0.000000
0.252759
0.684921
0.000000
0.000000
0.088019
0.000000
0.000000
0.000000
0.097072
0.850000
0.066164
0.438619
0.850000
0.000000
0.803895
0.756476
0.850000
0.433572
0.000000
0.036793
0.000000
0.353873
0.000000
0.171077
0.633862
0.615021
0.018571
0.837016
0.742945
0.552488
0.850000
0.850000
0.769393
0.850000
0.441249
0.000000
0.296382
0.000000
0.003282
0.593712
0.187609
0.751294
0.270132
0.042555
0.000000
0.324489
0.779628
0.104169
0.000000
0.032731
0.711066
0.558465
0.157231
0.000000
0.042474
0.588159
0.850000
0.000000
0.850000
0.850000
0.850000
0.850000
0.441476
0.000000
0.339242
0.850000
0.273964
0.223026
0.000000
0.000000
0.314193
0.452428
0.153954
0.143249
0.000000
0.000000
0.015988
0.850000
0.309728
0.850000
0.506574
0.654510
0.000000
0.850000
0.000000
0.000000
0.000000
0.631989
0.000000
0.334364
0.255612
0.000000
0.546987
0.850000
0.075648
0.000000
0.000000
0.000000
0.000000
0.850000
0.449872
0.104454
0.061890
0.000000
0.714390
0.309951
0.373019
0.850000
0.000000
0.000000
0.074401
0.245266
0.000000
0.850000
0.850000
0.850000
0.373992
0.850000
0.593669
0.246417
0.000000
0.850000
0.850000
0.000000
0.131433
0.329623
0.398532
0.266425
0.319700
0.601196
0.667569
0.850000
0.513539
0.594528
0.000000
0.463387
0.401906
0.850000
0.261949
0.530788
0.377547
0.271874
0.666883
0.000000
0.347448
0.850000
0.135871
0.261189
0.080691
0.297034
0.000000
0.265112
0.000000
0.000000
0.850000
0.000000
0.249144
0.000000
0.000000
0.000000
0.178426
0.000000
0.000000
0.665975
0.509577
0.000000
0.490957
0.639235
0.658383
0.407881
0.000000
0.850000
0.054658
0.036539
0.639542
0.513105
0.100433
0.000000
0.196821
0.000000
0.212989
0.850000
0.586489
0.366345
0.000000
0.352809
0.030879
0.501444
0.486726
0.324752
0.000000
0.301656
0.000000
0.000000
0.000000
0.168775
0.600220
0.850000
0.850000
0.000000
0.130795
0.000000
0.850000
0.000000
0.000000
0.850000
0.807252
0.466858
0.123918
0.000000
0.136601
0.850000
0.850000
0.771214
0.223998
0.000000
0.850000
0.850000
0.806674
0.090233
0.306093
0.000000
0.850000
0.000000
0.392026
0.172102
0.000000
0.850000
0.850000
0.211822
0.000000
0.000000
0.125143
0.482284
0.850000
0.850000
0.000000
0.000000
0.000000
0.000000
0.391932
0.543361
0.000000
0.779203
0.490092
0.000000
0.850000
0.000000
0.000000
0.535562
0.101453
0.000000
0.142183
0.615866
0.842114
0.000000
0.000000
0.206337
0.000000
0.000000
0.728499
0.303881
0.000000
0.000000
0.000000
0.000000
0.021068
0.000000
0.850000
0.000000
0.000000
0.487297
0.850000
0.427938
0.000000
0.195630
0.238659
0.272067
0.574883
0.850000
0.363155
0.850000
0.006524
0.346994
0.232601
0.000000
0.274529
0.717005
0.270840
0.021491
0.053292
0.000000
0.346962
0.850000
0.850000
0.850000
0.526168
0.000000
0.170252
0.159754
0.000000
0.850000
0.683950
0.369090
0.850000
0.651482
0.850000
0.850000
0.000000
0.000000
0.759369
0.180242
0.000000
0.270127
0.850000
0.466458
0.235593
0.850000
0.741814
0.392838
0.000000
0.000000
0.051691
0.000000
0.000000
0.132672
0.379822
0.091270
0.850000
0.850000
0.224780
0.000000
0.541877
0.425317
0.086394
0.068461
0.000000
0.012794
0.000000
0.000000
0.235901
0.000000
0.245428
0.000000
0.000000
0.017256
0.674992
0.000000
0.245331
0.850000
0.639124
0.000000
0.720916
0.819202
0.850000
0.490274
0.850000
0.013517
0.850000
0.591302
0.850000
0.705592
0.594042
0.000000
0.390574
0.319006
0.000000
0.850000
0.130188
0.439390
0.000000
0.306932
0.191437
0.273942
0.850000
0.789304
0.000000
0.000000
0.000000
0.702013
0.850000
0.850000
0.000000
0.000000
0.000000
0.364692
0.253523
0.624634
0.000000
0.850000
0.637321
0.546452
0.000000
0.338528
0.000000
0.850000
0.210647
0.515467
0.850000
0.256704
0.027523
0.298971
0.398595
0.000000
0.332076
0.000000
0.000000
0.419425
0.475893
0.762091
0.335207
0.804111
0.000000
0.000000
0.427657
0.000000
0.010665
0.236620
0.000000
0.000000
0.850000
0.148104
0.544860
0.827039
0.133189
0.000000
0.000000
0.121838
0.737278
0.000000
0.400395
0.557607
0.000000
0.850000
0.032686
0.292540
0.850000
0.850000
0.850000
0.850000
0.763047
0.000000
0.022635
0.021936
0.000000
0.000000
0.000000
0.850000
0.000000
0.001122
0.590506
0.830411
0.269001
0.178275
0.000000
0.850000
0.850000
0.717981
0.850000
0.000000
0.000000
0.850000
0.681268
0.850000
0.000000
0.000000
0.228323
0.850000
0.586132
0.682853
0.037243
0.850000
0.850000
0.850000
0.000000
0.000000
0.387825
0.850000
0.850000
0.850000
0.262864
0.365052
0.000000
0.225095
0.477705
0.399919
0.614832
0.850000
0.801272
0.497488
0.317619
0.328358
0.850000
0.000000
0.000000
0.000000
0.348426
0.629190
0.000000
0.214635
0.000000
0.236667
0.403147
0.850000
0.000000
0.410518
0.000000
0.850000
0.238389
0.850000
0.850000
0.000000
0.117751
0.066984
0.000000
0.000000
0.627273
0.699151
0.000000
0.000000
0.000000
0.427783
0.112498
0.000000
0.718493
0.512235
0.850000
0.594609
0.850000
0.850000
0.345503
0.000000
0.221478
0.000000
0.850000
0.381062
0.385104
0.000000
0.000000
0.850000
0.597219
0.564982
0.045529
0.800852
0.850000
0.850000
0.850000
0.342426
0.000000
0.000000
0.000000
0.000000
0.850000
0.090800
0.850000
0.000000
0.281648
0.850000
0.000000
0.000000
0.000000
0.000000
0.000000
0.000000
0.000000
0.000000
0.000000
0.000000
0.000000
0.000000
0.000000
0.000000
0.000000
0.000000
0.000000
0.000000
0.000000
0.000000
0.000000
0.000000
0.000000
0.000000
0.000000
0.000000
0.000000
0.000000
0.000000
0.000000
0.000000
0.000000
0.000000
0.000000
0.000000
0.000000
0.000000
0.000000
0.000000
0.000000
0.000000
0.000000
0.000000
0.000000
0.000000
0.000000
0.000000
0.000000
0.000000
0.000000
0.000000
0.000000
0.000000
0.000000
0.000000
0.000000
0.000000
0.000000
0.000000
0.000000
0.000000
0.000000
0.000000
0.000000
0.000000
0.000000
0.000000
0.000000
0.000000
0.000000
0.000000
0.000000
0.000000
0.000000
0.000000
0.000000
0.000000
0.000000
0.000000
0.000000
0.000000
0.000000
0.000000
0.000000
0.000000
0.000000
0.000000
0.000000
0.000000
0.000000
0.000000
0.000000
0.000000
0.000000
0.000000
0.000000
0.000000
0.000000
0.000000
