1	0.0
2	0.0172421074364
3	0.0606373853866
4	0.0663148367622
5	0.0662806756264
6	0.0598417151077
7	0.0
8	0.0
9	0.0126806863408
10	0.0319631897928
11	0.0472045154933
12	0.0668774079687
13	0.0702267709292
14	0.0963137439451
15	0.0428556303637
16	0.0298110543657
17	0.0294660177446
18	0.0188269355874
19	0.0188193186409
20	0.0
21	0.0
22	0.0475561102037
23	0.0208510894525
24	0.0177933576051
25	0.0575906706025
26	0.0602724539226
27	0.0110700763803
28	0.0542100698995
29	0.0520727604909
30	0.0526654683112
31	0.0688146677814
32	0.140408154165
33	0.332001689536
34	0.131397670808
35	0.0195187444763
36	0.00477480578677
37	0.0179635575886
38	0.0966031956189
39	0.0834951389722
40	0.243242043293
41	0.284592706442
42	0.206150353918
43	0.205209781064
44	0.164126187454
45	0.190876202259
46	0.192857161158
47	0.273044347083
48	0.268106186458
49	0.170846595351
50	0.101401583806
51	0.0
52	0.110857303498
53	0.148867022407
54	0.221262746669
55	0.299749644983
56	0.0728659701388
57	0.288199363982
58	0.283079131766
59	0.258807329972
60	0.176380317408
61	0.0797902339137
62	0.142722273822
63	0.248145529964
64	0.219739912638
65	0.154531096986
66	0.0791831048754
67	0.163240517429
68	0.170453849601
69	0.214770270595
70	0.229314669284
71	0.233128201835
72	0.0347720315859
73	0.0
74	0.0360641347105
75	0.0150688506967
76	0.0154187506373
77	0.00683868933927
78	0.00612293944123
79	0.00609277462515
80	0.00556937490763
81	0.00556802845762
82	0.00678520797649
83	0.0136838898175
84	0.0
85	0.0
86	0.0
87	0.0
88	0.0136838898175
89	0.00678520797649
90	0.00556802845762
91	0.00556937490763
92	0.00609277462515
93	0.00612293944123
94	0.00683868933927
95	0.0
96	0.0154187506373
97	0.0150688506967
98	0.0360641347105
99	0.2119212997
100	0.159226825454
101	0.109957158177
102	0.0
103	0.162604091432
104	0.242970926856
105	0.189710882024
106	0.182660214344
107	0.247126141588
108	0.19330442883
109	0.168940050485
110	0.167871289034
111	0.241592019053
112	0.1995759783
113	0.212499430149
114	0.23818287054
115	0.295481493065
116	0.218115651191
117	0.0
118	0.33439294318
119	0.337313632891
120	0.0586794444724
121	0.0
122	0.0500815481621
123	0.216817096135
124	0.141592286076
125	0.134840221572
126	0.130585777105
127	0.127088337268
128	0.0344584466957
129	0.0368788555301
130	0.0
131	0.0
132	0.123623798865
133	0.185614979053
134	0.0913374839084
135	0.113397311078
136	0.241890402189
137	0.322789812912
138	0.169408128176
139	0.0277210531949
140	0.0277384890384
141	0.0278396621785
142	0.0275644706351
143	0.0290431286356
144	0.189913998578
145	0.246537994537
146	0.333557137372
147	0.291319267731
148	0.267165511711
149	0.199460411231
150	0.0252286428872
151	0.186566156785
152	0.157615150628
153	0.0
154	0.0179270370322
155	0.0133620083074
156	0.0113006302771
157	0.0110003578896
158	0.0117462740563
159	0.012739035396
160	0.0
161	0.0
162	0.0
163	0.0
164	0.04435513927
165	0.0448000296744
166	0.0440728742331
167	0.0443407476476
168	0.0459969741532
169	0.0179270370322
170	0.0
171	0.157615150628
172	0.158666319617
173	0.0278998371683
174	0.0926356403188
175	0.0688617664892
176	0.471189550792
177	0.508206673162
178	0.428325846708
179	0.214876589582
180	0.0647770294706
181	0.0326197091559
182	0.0
183	0.0
184	0.150297376568
185	0.260559121868
186	0.124456822861
187	0.127274561936
188	0.212791011007
189	0.188103493648
190	0.0490596171909
191	0.0490433431904
192	0.149806212753
193	0.148889737663
194	0.345411998906
195	0.314051025171
196	0.119091937687
197	0.0264558874898
198	0.0309582970182
199	0.371685880151
200	0.467862097304
201	0.472823513532
202	0.474326209438
203	0.293576688533
204	0.16019866563
205	0.139226084438
206	0.0
207	0.451736745214
208	0.452706149692
209	0.30478443122
210	0.336871128329
211	0.319761744096
212	0.300274901526
213	0.600625970279
214	0.297428425031
215	0.318391344127
216	0.341878034913
217	0.364961558833
218	0.371614354187
219	0.365131647551
220	0.350267392244
221	0.0942095176719
222	0.104028405448
223	0.0714529459724
224	0.087271538625
225	0.0874158585528
226	0.0874829351437
227	0.304075678101
228	0.318470332173
229	0.0326197091559
230	0.204516651575
231	0.210788106795
232	0.211076269154
233	0.120003040903
234	0.125686860338
235	0.123266209335
236	0.123204249645
237	0.113233280866
238	0.0344970943084
239	0.0418991585819
240	0.159614828468
241	0.0187798199479
242	0.00522500652671
243	0.0047204297271
244	0.00470374486234
245	0.0102856431652
246	0.0568609901697
247	0.0
248	0.0266951618568
249	0.0266096542467
250	0.0944273305343
251	0.201894368396
252	0.0445074201274
253	0.185740789802
254	0.0212060881534
255	0.000254720459563
256	0.000114329279632
257	0.000843277396577
258	0.00818630410601
259	0.049480196506
260	0.0760114552946
261	0.0672356706083
262	0.0778484370284
263	0.0
264	0.0
265	0.0
266	0.0
267	0.0778484370284
268	0.0915180803851
269	0.0691309889484
270	0.0402645571815
271	0.000843277396577
272	0.000114329279632
273	0.000254720459563
274	0.0212060881534
275	0.303893093322
276	0.0507999967905
277	0.0658819468865
278	0.0712025819842
279	0.0444697722359
280	0.0436273337438
281	0.0
282	0.0568609901697
283	0.0102856431652
284	0.00470374486234
285	0.0047204297271
286	0.00522500652671
287	0.0187798199479
288	0.0
289	0.0
290	0.00214258645081
291	0.000183351711186
292	0.000320858468435
293	6.00130815877e-05
294	8.12569487069e-05
295	0.000728306154861
296	0.00135009725024
297	0.0
298	0.0
299	0.0
300	0.0
301	0.0
302	0.0
303	0.0
304	0.0
305	0.0
306	0.00135009725024
307	0.000728306154861
308	8.12569487069e-05
309	6.00130815877e-05
310	0.000320858468435
311	0.000183351711186
312	0.00214258645081
313	0.0204975470583
314	0.0553820149777
315	0.0558354168382
316	0.0
317	0.00309196853678
318	0.00125048973218
319	0.000629696169562
320	0.000701307339268
321	0.150701545951
322	0.150967372812
323	0.00166379306254
324	0.00251293203344
325	0.00913249505867
326	0.0
327	0.0
328	0.0
329	0.0
330	0.0
331	0.00913249505867
332	0.00251293203344
333	0.00166379306254
334	0.301668918763
335	0.000701307339268
336	0.000629696169562
337	0.00125048973218
338	0.00309196853678
339	0.0
340	0.00612279505195
341	0.00276498381229
342	0.000939081584526
343	0.00109364948638
344	0.0
345	0.0
346	0.0
347	0.0
348	0.00109364948638
349	0.000939081584526
350	0.00276498381229
351	0.00612279505195
352	0.0485505735907
353	0.0496601562038
354	0.0
355	0.123765380039
356	0.123591412791
357	0.106703745081
358	0.22264865526
359	0.223104452755
360	0.232384295601
361	0.0
362	0.139073269815
363	0.0802292212152
364	0.0
365	0.0
366	0.0921299566969
367	0.082966546758
368	0.16304466387
369	0.221558985897
370	0.0819852268694
371	0.222587698699
372	0.140137905997
373	0.299562834378
374	0.159721266762
375	0.0444074400283
376	0.280458862197
377	0.140749246621
378	0.125712366698
379	0.125487866471
380	0.125615856629
381	0.0887573878375
382	0.088788102278
383	0.0851771611102
384	0.0
385	0.0623714418337
386	0.0625590278716
387	0.119093146067
388	0.133046328425
389	0.245704778177
390	0.275779424561
391	0.516621588642
392	0.398746949804
393	0.316263592046
394	0.196996141362
395	0.22336173603
396	0.315029669667
397	0.314380317424
398	0.0245823487829
399	0.246482891654
400	0.379245789554
401	0.425442455066
402	0.372493839726
403	0.352799655868
404	0.311277141661
405	0.0870212536486
406	0.283271074912
407	0.439135226804
408	0.498008900464
409	0.209945219618
410	0.281465808731
411	0.185139219491
412	0.0507964283768
413	0.0507864925661
414	0.0506918948979
415	0.0154211888259
416	0.0923892674262
417	0.333131000465
418	0.483407526558
419	0.455689892369
420	0.519206939266
421	0.385619225615
422	0.349665424958
423	0.350684541748
424	0.322922530025
425	0.291648335126
426	0.305767016828
427	0.379305158456
428	0.325168539867
429	0.247907457091
430	0.217893188421
431	0.190661130969
432	0.0
433	0.0
434	0.495711021042
435	0.520129242237
436	0.283139604415
437	0.433339196631
438	0.369440302952
439	0.286099165684
440	0.233865814799
441	0.116744881676
442	0.0
443	0.0024020263503
444	0.00122106129151
445	0.00140969832215
446	0.00159400486396
447	0.00288392913294
448	0.120582075134
449	0.244557592085
450	0.159628769735
451	0.0
452	0.0417974867154
453	0.198192743266
454	0.277972966545
455	0.12815452795
456	0.00535023231994
457	0.00365996241663
458	0.00335529464337
459	0.003589225503
460	0.00444849605026
461	0.00478596268852
462	0.00497849158282
463	0.254195566729
464	0.150671958082
465	0.0
466	0.0
467	0.0
468	0.0
469	0.150671958082
470	0.152657267563
471	0.101538299166
472	0.00497849158282
473	0.00478596268852
474	0.00444849605026
475	0.003589225503
476	0.00335529464337
477	0.00365996241663
478	0.00535023231994
479	0.0
480	0.307744820604
481	0.338372903872
482	0.0
483	0.0
484	0.0
485	0.0
486	0.291223465771
487	0.233544971182
488	0.0
489	0.00288392913294
490	0.00159400486396
491	0.00140969832215
492	0.00122106129151
493	0.0024020263503
494	0.0
495	0.170203925068
496	0.205822933842
497	0.249037914023
498	0.305694026229
499	0.0
500	0.0559251691229
501	0.270232564708
502	0.270857731187
503	0.175503730845
504	0.194123671424
505	0.208312600172
506	0.133730969942
507	0.226428718078
508	0.145389297178
509	0.109600937813
510	0.039006685908
511	0.062759273771
512	0.0657664214955
513	0.11273136427
514	0.157521411278
515	0.157903547077
516	0.147746283791
517	0.347863455357
518	0.312045471246
519	0.154809472083
520	0.0510077906686
521	0.00705139116053
522	0.127729736362
523	0.12145560396
524	0.080511240965
525	0.0186826427793
526	0.0992518282324
527	0.0991759662174
528	0.0407611258547
529	0.136761587051
530	0.141204597018
531	0.0609384333218
532	0.104296251905
533	0.155847867509
534	0.0192775258391
535	0.131350150553
536	0.104383032798
537	0.132414298205
538	0.131262430233
539	0.0508816789779
540	0.0492187888877
541	0.134928557915
542	0.144442412263
543	0.133442326295
544	0.213794278977
545	0.232059915629
546	0.232282585713
547	0.0
548	0.118965912684
549	0.210200269848
550	0.324275113873
551	0.305740091098
552	0.436312015734
553	0.418602918149
554	0.0830408058947
555	0.0780029779167
556	0.155434044886
557	0.346739327717
558	0.373191697423
559	0.253569133323
560	0.150325817099
561	0.074641144267
562	0.115527987388
563	0.108391547616
564	0.0690296688939
565	0.307172041429
566	0.360160731237
567	0.389097657421
568	0.270474138056
569	0.367900263294
570	0.42384707763
571	0.312340964419
572	0.251544609386
573	0.00638395629542
574	0.00705932352447
575	0.0456764774332
576	0.428634502666
577	0.661752310964
578	0.409632860774
579	0.46625790218
580	0.142748934045
581	0.13832394764
582	0.149520719662
583	0.24367181146
584	0.104338663505
585	0.186156127808
586	0.446098864418
587	0.541117540026
588	0.513295999099
589	0.245350559273
590	0.249442319024
591	0.231530921093
592	0.197263473163
593	0.203382013108
594	0.189628397917
595	0.182489242894
596	0.161925214234
597	0.0433427685779
598	0.102045681032
599	0.0397460367529
600	0.000169800312022
601	0.000230848260355
602	2.87307049666e-05
603	0.000249483637688
604	0.000427869715835
605	0.000175664185286
606	0.00911923381681
607	0.158134040471
608	0.0
609	0.0
610	0.0
611	0.0805456613704
612	0.107877113448
613	0.294357989181
614	0.31396440096
615	0.143251041026
616	0.276039363764
617	0.275687687625
618	0.117713252388
619	0.0
620	0.0
621	0.0
622	0.0
623	0.0
624	0.276628051391
625	0.275657591332
626	0.117154661054
627	0.299134389
628	0.295829255122
629	0.264486900493
630	0.0805456613704
631	0.0
632	0.0
633	0.158134040471
634	0.00911923381681
635	0.000175664185286
636	0.000427869715835
637	0.000249483637688
638	2.87307049666e-05
639	0.000230848260355
640	0.000169800312022
641	0.010024386934
642	0.0444084503244
643	0.0897588874339
644	0.235266913245
645	0.303842488658
646	0.240237243157
647	0.189835492247
648	0.173814334372
649	0.154158141101
650	0.147271204558
651	0.210463294947
652	0.227867997272
653	0.180967688857
654	0.0517642570732
655	0.0305122849029
656	0.0548027853204
657	0.0298640154804
658	0.0254440462239
659	0.0250646019009
660	0.308335017861
661	0.0244791935291
662	0.0242941268974
663	0.0331543642426
664	0.0
665	0.0
666	0.0423177054215
667	0.0769833204508
668	0.0780065369947
669	0.0792670196468
670	0.142183517859
671	0.00630921992168
672	0.00104208791428
673	0.00144951279032
674	0.00748013716025
675	0.0
676	0.0
677	0.0
678	0.0200735453241
679	0.00165079769952
680	3.03522650957e-05
681	2.45414097631e-05
682	0.000223946098976
683	8.72478244667e-05
684	0.00193730166102
685	0.00854457491447
686	0.0
687	0.0533395051132
688	0.0514534184883
689	0.235901015741
690	0.226869329121
691	0.218570339188
692	0.0264915639152
693	0.0312384158681
694	0.0
695	0.0
696	0.0
697	0.0
698	0.132378805159
699	0.173450700999
700	0.254854333958
701	0.0846570439901
702	0.145183198215
703	0.0533395051132
704	0.0
705	0.0
706	0.0
707	0.00854457491447
708	0.00193730166102
709	8.72478244667e-05
710	0.000223946098976
711	2.45414097631e-05
712	3.03522650957e-05
713	0.00165079769952
714	0.0200735453241
715	0.0
716	0.0
717	0.0
718	0.00748013716025
719	0.00144951279032
720	0.00104208791428
721	0.00630921992168
722	0.137798975017
723	0.0287460133555
724	0.0270220844799
725	0.0
726	0.023260562582
727	0.0234405032872
728	0.0
729	0.0157373114271
730	0.0167899874966
731	0.0168335652672
732	0.125319142348
733	0.111066925065
734	0.106893467677
735	0.134292962764
736	0.116679068708
737	0.333072828797
738	0.173109732569
739	0.173072669993
740	0.172925517353
741	0.11259301602
742	0.0372124415776
743	0.0303732301475
744	0.0437720567751
745	0.0765481953148
746	0.0723623278095
747	0.163262275784
748	0.154237386425
749	0.0362918401582
750	0.0366074070543
751	0.0568283062367
752	0.111065180888
753	0.113417252542
754	0.271168934994
755	0.355947072897
756	0.419528313406
757	0.475725444269
758	0.44643350472
759	0.333157052065
760	0.311657375806
761	0.344316056434
762	0.22336631019
763	0.358283494736
764	0.393033159526
765	0.339929318736
766	0.301760601395
767	0.048699918792
768	0.0
769	0.00300248225418
770	0.0176147770227
771	0.0157573168588
772	0.014324443813
773	0.0117860112877
774	0.0128246007978
775	0.007596978765
776	0.0371483190354
777	0.0
778	0.00609794142117
779	0.171181732464
780	0.197558941131
781	0.0
782	0.0
783	0.0
784	0.00718293045893
785	0.00557357232185
786	0.0589725627168
787	0.0885584933269
788	0.00667540321971
789	0.0
790	0.0
791	0.0
792	0.0
793	0.0
794	0.00667540321971
795	0.0
796	0.065218667649
797	0.0687720201411
798	0.0194798992097
799	0.0138327472422
800	0.0156152494866
801	0.117644902865
802	0.0924522029132
803	0.00324863769465
804	0.0911403699953
805	0.107477342512
806	0.0210992355927
807	0.0214004453009
808	0.0196808653945
809	0.0214010622224
810	0.0215445969119
811	0.0233647589232
812	0.252084005007
813	0.306236798304
814	0.208924535811
815	0.162486271284
816	0.0212842664151
817	0.195473618129
818	0.380616254954
819	0.359590635454
820	0.232114199833
821	0.259242852052
822	0.32653596206
823	0.43851210158
824	0.525451078896
825	0.27120198166
826	0.229972063204
827	0.415319597459
828	0.415201609569
829	0.354634400877
830	0.343794449995
831	0.555839981657
832	0.516892417432
833	0.565660549995
834	0.614820176781
835	0.666788331083
836	0.641296876842
837	0.492128435189
838	0.573436075153
839	0.585352263665
840	0.599992404188
841	0.44082815873
842	0.40467808537
843	0.371861498103
844	0.332766820379
845	0.205293380479
846	0.288104609945
847	0.296360048886
848	0.435004720871
849	0.432516469054
850	0.423473283442
851	0.555529682698
852	0.396238053131
853	0.430466188357
854	0.431005096461
855	0.443717078643
856	0.55270352965
857	0.352122562057
858	0.347665337887
859	0.358877632571
860	0.482133348787
861	0.281478155575
862	0.478747004987
863	0.52618858202
864	0.300652563036
865	0.238711297816
866	0.229579250674
867	0.36052409841
868	0.498504113367
869	0.516667151551
870	0.240629127718
871	0.395000644964
872	0.323640943274
873	0.334259849396
874	0.410401328858
875	0.625537641388
876	0.512742742955
877	0.5934095028
878	0.655132156997
879	0.427204208253
880	0.57200252734
881	0.646798638478
882	0.641726348924
883	0.606374107996
884	0.60120828003
885	0.618669201584
886	0.532241693502
887	0.649962516479
888	0.473316816986
889	0.412278890465
890	0.217377392892
891	0.358108334009
892	0.367666890654
893	0.178094633705
894	0.180904183976
895	0.325506770549
896	0.287692371428
897	0.285421083042
898	0.285200132095
899	0.0391104485885
900	0.156652395416
901	0.108952903266
902	0.152639564683
903	0.212387845078
904	0.215304462375
905	0.174059218662
906	0.218130663216
907	0.0356625850412
908	0.0154859255964
909	0.0
910	0.14833461809
911	0.149164726279
912	0.222738814737
913	0.231628772418
914	0.0831764052538
915	0.0733452488767
916	0.169968481939
917	0.156066961884
918	0.187819515533
919	0.176914093753
920	0.00702230159038
921	0.25015969016
922	0.260561176893
923	0.27507959473
924	0.241167622395
925	0.293945631976
926	0.347083243577
927	0.342459520238
928	0.219851221912
929	0.335702341683
930	0.342874254115
931	0.284546280387
932	0.473067563606
933	0.261532629423
934	0.401987882087
935	0.358887268382
936	0.223139582148
937	0.197417048374
938	0.178875764617
939	0.0737568431698
940	0.405472727272
941	0.372240929804
942	0.262078379535
943	0.470741331168
944	0.330414582946
945	0.259313702431
946	0.0146989942814
947	0.208622814031
948	0.490430738392
949	0.517608328824
950	0.314422798585
951	0.398883355166
952	0.287756495592
953	0.276429263844
954	0.335078867032
955	0.190785921621
956	0.194721419318
957	0.220524249232
958	0.247892426104
959	0.128118548196
960	0.128330685869
961	0.254243920008
962	0.258082600902
963	0.268626464247
964	0.258786338103
965	0.180862488273
966	0.327038246015
967	0.319047653703
968	0.20769468053
969	0.146881669186
970	0.146910607803
971	0.319555407046
972	0.29912670025
973	0.286527048107
974	0.225775581424
975	0.211397799148
976	0.192696166055
977	0.204162788928
978	0.122257090067
979	0.135535983206
980	0.17476824125
981	0.280265366878
982	0.119121159085
983	0.303140838418
984	0.2356100797
985	0.123621413217
986	0.0658964169716
987	0.0781676478815
988	0.261219524983
989	0.258797125282
990	0.170932282359
991	0.136897132019
992	0.141081576912
993	0.203680312368
994	0.2242593498
995	0.222498810084
996	0.160607669048
997	0.0
998	0.0564500670852
999	0.0525954245365
1000	0.159610464898
1001	0.115113267852
1002	0.218632956456
1003	0.326405450431
1004	0.380085231447
1005	0.234120476084
1006	0.096686950643
1007	0.400342334335
1008	0.271944649833
1009	0.0182640159877
1010	0.0437561554972
1011	0.0439127697148
1012	0.055444048423
1013	0.0524931759729
1014	0.0128869837233
1015	0.0129042173788
1016	0.0151765025923
1017	0.0133498428485
1018	0.0532779940491
1019	0.0259945387341
1020	0.0267457590188
1021	0.0597319262344
1022	0.0488085926768
1023	0.143117350507
1024	0.183447924833
1025	0.0699914714103
1026	0.0700038152194
1027	0.226513949352
1028	0.354567967031
1029	0.277107138432
1030	0.250454540251
1031	0.280949695365
1032	0.247407816948
1033	0.171395259872
1034	0.171019028682
1035	0.170275147735
1036	0.10007999627
1037	0.0447514163344
1038	0.127935345957
1039	0.123803393246
1040	0.266614048124
1041	0.432839262413
1042	0.19051197678
1043	0.147886390216
1044	0.117654943264
1045	0.0654052208574
1046	0.39951136135
1047	0.150341444459
1048	0.066627524654
1049	0.153337218751
1050	0.284808025752
1051	0.424600681401
1052	0.276597193524
1053	0.372129309631
1054	0.400649034557
1055	0.502531011826
1056	0.354511691028
1057	0.384326300136
1058	0.417052330605
1059	0.338659260141
1060	0.309136939286
1061	0.257402163252
1062	0.143991523485
1063	0.156875604582
1064	0.179922076403
1065	0.231451385677
1066	0.231351517742
1067	0.358697583951
1068	0.370736709816
1069	0.471919486973
1070	0.330631222733
1071	0.33161413017
1072	0.431842043702
1073	0.441310861579
1074	0.473063331162
1075	0.43179216754
1076	0.435804821814
1077	0.370545198404
1078	0.415830787173
1079	0.401635832792
1080	0.219361944784
1081	0.0
1082	0.0184317370482
1083	0.0147574707201
1084	0.305899571132
1085	0.444616171002
1086	0.45517264829
1087	0.435880796426
1088	0.52110373314
1089	0.513938468598
1090	0.519418871537
1091	0.146318111175
1092	0.130133723922
1093	0.120856428173
1094	0.116094924572
1095	0.114107762134
1096	0.166043249687
1097	0.397610091152
1098	0.516573799722
1099	0.506171223096
1100	0.571304735986
1101	0.516530155281
1102	0.407447035034
1103	0.317671348683
1104	0.326985718944
1105	0.301335760747
1106	0.155284679194
1107	0.353617841009
1108	0.445970109372
1109	0.347224863817
1110	0.331719136633
1111	0.30977217212
1112	0.360883264758
1113	0.466290246936
1114	0.420413837156
1115	0.443624900709
1116	0.347437315504
1117	0.304934551096
1118	0.0290586217675
1119	0.141667958164
1120	0.13127714209
1121	0.130546836383
1122	0.130682446145
1123	0.134007167731
1124	0.160571464214
1125	0.402221823266
1126	0.236465910323
1127	0.244663126393
1128	0.0598266657798
1129	0.423644219297
1130	0.398737369033
1131	0.15524514158
1132	0.37125840145
1133	0.373655733374
1134	0.246368295217
1135	0.246344022347
1136	0.239258819599
1137	0.143728900311
1138	0.102914081604
1139	0.254216624593
1140	0.432306810531
1141	0.483698741714
1142	0.319657292524
1143	0.527278074662
1144	0.457221304253
1145	0.293769777854
1146	0.246629993216
1147	0.153703509805
1148	0.372951806955
1149	0.253798555738
1150	0.41365469809
1151	0.132916005801
1152	0.269857739795
1153	0.29905134093
1154	0.299933003039
1155	0.289687381915
1156	0.315002634623
1157	0.361825234547
1158	0.1437113184
1159	0.456734548137
1160	0.41100596815
1161	0.163216628929
1162	0.181799692146
1163	0.172571250707
1164	0.171401621016
1165	0.169266344985
1166	0.17525643423
1167	0.120099346867
1168	0.128508561506
1169	0.129311327931
1170	0.129370857111
1171	0.121645242562
1172	0.187594569804
1173	0.184921988652
1174	0.173373595529
1175	0.154189670842
1176	0.200924867368
1177	0.277670172512
1178	0.382374790873
1179	0.272089029755
1180	0.260959567196
1181	0.431001782765
1182	0.449825986496
1183	0.514986134325
1184	0.430122374281
1185	0.428450619932
1186	0.457126854381
1187	0.123040701631
1188	0.00215454135806
1189	0.000971667413954
1190	0.000646760161039
1191	0.0776763626095
1192	0.000988098309568
1193	0.00108847198631
1194	0.0
1195	0.0
1196	0.0
1197	0.0
1198	0.0
1199	0.00108847198631
1200	0.000988098309568
1201	0.0776763626095
1202	0.000646760161039
1203	0.000971667413954
1204	0.00215454135806
1205	0.0
1206	0.15462580444
1207	0.140826823809
1208	0.331135002177
1209	0.341820517269
1210	0.437917492802
1211	0.239441675304
1212	0.396039333549
1213	0.205032372738
1214	0.158154636303
1215	0.158094235875
1216	0.158095275858
1217	0.15833350795
1218	0.158654992208
1219	0.0316672482635
1220	0.14594013218
1221	0.297009197733
1222	0.29690221648
1223	0.296859730351
1224	0.296788720054
1225	0.299643167748
1226	0.313577723744
1227	0.159114257573
1228	0.0211840924117
1229	0.0719908070082
1230	0.242439465837
1231	0.426447599966
1232	0.591547792359
1233	0.429286225427
1234	0.557364816084
1235	0.521587328235
1236	0.502178417221
1237	0.288830609584
1238	0.219265139147
1239	0.00974795271042
1240	0.158342336064
1241	0.306159781431
1242	0.527450420436
1243	0.479354765487
1244	0.458033137238
1245	0.458143090004
1246	0.458012290164
1247	0.154312836822
1248	0.208465036252
1249	0.0545604378563
1250	0.0549948063579
1251	0.0549584742482
1252	0.0548949900065
1253	0.0549081095508
1254	0.249725390618
1255	0.196845814832
1256	0.197241979316
1257	0.0767063600426
1258	0.0792756970995
1259	0.446739790313
1260	0.619569357857
1261	0.456511367796
1262	0.0809249781358
1263	0.304857308205
1264	0.465092947524
1265	0.418886713156
1266	0.547035632842
1267	0.351987306948
1268	0.432280030954
1269	0.139916568527
1270	0.0668188789032
1271	0.189660119296
1272	0.217634618255
1273	0.341088109936
1274	0.160810153553
1275	0.0454323235982
1276	0.0889510021057
1277	0.524180155605
1278	0.578813865481
1279	0.371528691521
1280	0.0919935701353
1281	0.169228747514
1282	0.19483981697
1283	0.244643542453
1284	0.225826209431
1285	0.205755099409
1286	0.0553992956904
1287	0.0419936185175
1288	0.0
1289	0.0
1290	0.192154925698
1291	0.469297909815
1292	0.487511796899
1293	0.394229133264
1294	0.50424178557
1295	0.509809670049
1296	0.480324413727
1297	0.17383869669
1298	0.480534388816
1299	0.519122599646
1300	0.399442999387
1301	0.453152749113
1302	0.582237441337
1303	0.435257805117
1304	0.592585052599
1305	0.429646942718
1306	0.344654115965
1307	0.275461077684
1308	0.171861949133
1309	0.209820220861
1310	0.235218279447
1311	0.235269647379
1312	0.231679377446
1313	0.166305140396
1314	0.098969130177
1315	0.100395252664
1316	0.116398283877
1317	0.15754820901
1318	0.130856666692
1319	0.130818748188
1320	0.131036978793
1321	0.131029377935
1322	0.124256670447
1323	0.177480003559
1324	0.136982019241
1325	0.175948652345
1326	0.197060244888
1327	0.215637722852
1328	0.248487513293
1329	0.246595580144
1330	0.264239113205
1331	0.165931649596
1332	0.162232561276
1333	0.0
1334	0.0662272702518
1335	0.264872367636
1336	0.350425983334
1337	0.332934731776
1338	0.187112286874
1339	0.149286648677
1340	0.0870634178455
1341	0.0705031039546
1342	0.133029924127
1343	0.109927003992
1344	0.0965604402751
1345	0.0348336482477
1346	0.118295366579
1347	0.0855104951572
1348	0.0811199900464
1349	0.0960361937884
1350	0.0297968558529
1351	0.0196565587287
1352	0.0225589319023
1353	0.0209048309997
1354	0.0205869778436
1355	0.0207356581992
1356	0.0205803581132
1357	0.0224099561691
1358	0.167015815131
1359	0.160284108221
1360	0.102075673194
1361	0.0819014473827
1362	0.0
1363	0.00764807670622
1364	0.147823298726
1365	0.224415181448
1366	0.11186721685
1367	0.0365142770038
1368	0.0346497208544
1369	0.00827554390877
1370	0.0347541190069
1371	0.0352472400392
1372	0.0381912343033
1373	0.0196565587287
1374	0.0576263244831
1375	0.0360481947661
1376	0.0507923726377
1377	0.14595906959
1378	0.115297944757
1379	0.0924737755864
1380	0.185564436644
1381	0.0786815817765
1382	0.0701551415821
1383	0.0770538293487
1384	0.141452401365
1385	0.221307923348
1386	0.206572162366
1387	0.167384012811
1388	0.201848835224
1389	0.217022267408
1390	0.11097475753
1391	0.104230351375
1392	0.234232489912
1393	0.35080679857
1394	0.243073539885
1395	0.0969247543656
1396	0.0858412164521
1397	0.0899303932708
1398	0.223015898925
1399	0.247794528969
1400	0.16437346578
1401	0.126332991474
1402	0.152635781875
1403	0.194050542132
1404	0.188356815635
1405	0.186994424549
1406	0.178095758259
1407	0.246329816713
1408	0.228851341673
1409	0.275936649017
1410	0.385157361828
1411	0.14858597949
1412	0.406387862418
1413	0.539992859273
1414	0.197297603023
1415	0.306047744888
1416	0.221556482816
1417	0.273641056309
1418	0.172004176914
1419	0.134140118703
1420	0.21830968643
1421	0.262122681322
1422	0.207327585463
1423	0.236504709466
1424	0.214102945182
1425	0.212690316357
1426	0.217253664216
1427	0.217687892397
1428	0.216749176911
1429	0.247424575653
1430	0.30773470934
1431	0.309898395181
1432	0.137661354128
1433	0.139535006057
1434	0.0639192142941
1435	0.0431570729104
1436	0.0869872478712
1437	0.0856148943161
1438	0.108587485952
1439	0.177064367004
1440	0.176873400532
1441	0.212631708155
1442	0.0429156161833
1443	0.116307883957
1444	0.116062857861
1445	0.0922771983797
1446	0.100411651099
1447	0.0
1448	0.0411529317593
1449	0.303552214266
1450	0.332930257142
1451	0.10326184992
1452	0.0898005069334
1453	0.0795482883418
1454	0.17951651125
1455	0.226145135511
1456	0.232208564636
1457	0.113861327535
1458	0.169108716804
1459	0.156565639849
1460	0.040528655754
1461	0.117213333589
1462	0.18751161726
1463	0.14729129774
1464	0.136450340399
1465	0.145785708473
1466	0.0855588258943
1467	0.132307303821
1468	0.0901941067528
1469	0.0896709649644
1470	0.227450353384
1471	0.425938830872
1472	0.445516746231
1473	0.384334491364
1474	0.241166121877
1475	0.255427212886
1476	0.253987754548
1477	0.200300315164
1478	0.201204374599
1479	0.199520809605
1480	0.18722229666
1481	0.224240912432
1482	0.218382328642
1483	0.183489077298
1484	0.182420687619
1485	0.257334164767
1486	0.279731841665
1487	0.260534228297
1488	0.338217785825
1489	0.404383143401
1490	0.398097794954
1491	0.397596625248
1492	0.396400206944
1493	0.17919171309
1494	0.147469758933
1495	0.489398444096
1496	0.523607843318
1497	0.370120246215
1498	0.357861363085
1499	0.360901272876
1500	0.233108747935
1501	0.3545466298
1502	0.236613189963
1503	0.138502001902
1504	0.223223477163
1505	0.487827599077
1506	0.469988041818
1507	0.43162496121
1508	0.118243779071
1509	0.0094865622349
1510	0.00010689000448
1511	5.68212317207e-05
1512	5.82462137887e-05
1513	0.000259160787315
1514	0.000455764527254
1515	7.69656091312e-05
1516	0.000647871926637
1517	0.0
1518	0.0
1519	0.0
1520	0.0
1521	0.000647871926637
1522	7.69656091312e-05
1523	0.000455764527254
1524	0.000259160787315
1525	5.82462137887e-05
1526	5.68212317207e-05
1527	0.00010689000448
1528	0.0094865622349
1529	0.155298225687
1530	0.299122602103
1531	0.157671982298
1532	0.165529712652
1533	0.302278627944
1534	0.261484305191
1535	0.264903039585
1536	0.272470888305
1537	0.330899333371
1538	0.582120030317
1539	0.359143099653
1540	0.360207833846
1541	0.256996993213
1542	0.195094502213
1543	0.0
