1	0.192625285394
2	0.33930480473
3	0.307601408398
4	0.307619423839
5	0.307239006042
6	0.23499811892
7	0.157390085198
8	0.0345095998689
9	0.036609269825
10	0.387292293457
11	0.420526046943
12	0.35462567486
13	0.0214335833973
14	0.192046378529
15	0.28046357528
16	0.261557630079
17	0.239959281941
18	0.265460705688
19	0.0840934639581
20	0.284375320264
21	0.372023225707
22	0.0980763599529
23	0.29981172885
24	0.457927050411
25	0.457655811852
26	0.271763703804
27	0.166479474505
28	0.453511014322
29	0.29273522398
30	0.0
31	0.0
32	0.153754395322
33	0.479252276498
34	0.499432000957
35	0.266645205423
36	0.572325858166
37	0.58186103947
38	0.358744099289
39	0.665421470921
40	0.493524372862
41	0.424670733861
42	0.351908684603
43	0.103901860122
44	0.0
45	0.061106758269
46	0.000476445836825
47	0.000469461486132
48	0.000468669762776
49	0.00132754203861
50	0.373060148268
51	0.24922627207
52	0.0454174438609
53	0.0781682554851
54	0.046892530979
55	0.0
56	0.0516227788009
57	0.0213503373918
58	0.0781682554851
59	0.09230997484
60	0.0987016281721
61	0.159763918334
62	0.0399460374861
63	0.0
64	0.000280246350337
65	0.000253027518812
66	0.000253703068865
67	0.0100866406335
68	0.0
69	0.0
70	0.0
71	0.0
72	0.0100866406335
73	0.000253703068865
74	0.000253027518812
75	0.000280246350337
76	0.0
77	0.0
78	0.0589558276106
79	0.0433332467477
80	0.148612645794
81	0.00132754203861
82	0.000468669762776
83	0.000469461486132
84	0.000476445836825
85	0.162366113309
86	0.355817798843
87	0.437695837567
88	0.438213562087
89	0.0807604628513
90	0.344415086695
91	0.472636543147
92	0.344500204903
93	0.451056550126
94	0.618424905957
95	0.554487488761
96	0.299162126175
97	0.0624920667466
98	0.0625928037619
99	0.0
100	0.0922534726858
101	0.168569404083
102	0.328262645532
103	0.313353138046
104	0.535223347956
105	0.392181397249
106	0.516860607554
107	0.531865671815
108	0.373667338825
109	0.385626581941
110	0.389302656744
111	0.502054095281
112	0.306340679182
113	0.214931933639
114	0.457057390214
115	0.336403792125
116	0.213387294191
117	0.182161375655
118	0.452177837525
119	0.515736098071
120	0.251086435859
121	0.208888810605
122	0.374068391549
123	0.376892073495
124	0.385997647456
125	0.368920561021
126	0.417222047684
127	0.399526530663
128	0.271777641152
129	0.268677870737
130	0.281299820688
131	0.378459117009
132	0.286543533161
133	0.456300120828
134	0.606283885836
135	0.593210449333
136	0.27287136112
137	0.480918787352
138	0.50155518365
139	0.747756462891
140	0.666428868762
141	0.220899449576
142	0.438514724959
143	0.567909571014
144	0.34348188363
145	0.275292806813
146	0.277582141062
147	0.277388407257
148	0.0
149	0.0
150	0.0
151	0.254589155381
152	0.254631031451
153	0.254187792212
154	0.254077234239
155	0.262085576772
156	0.151660280749
157	0.0164558483377
158	0.329079298168
159	0.320096889767
160	0.146991087885
161	0.191123232797
162	0.26723670239
163	0.289729867396
164	0.365086348128
165	0.303302512664
166	0.283170258434
167	0.29840708568
168	0.1658891072
169	0.113953940815
170	0.0
171	0.0
172	0.0
173	0.0452960497863
174	0.210110868973
175	0.317829509759
176	0.300087335757
177	0.0596945677552
178	0.188492203655
179	0.329316173779
180	0.69385856602
181	0.708506783853
182	0.495805260628
183	0.286888985553
184	0.126218441861
185	0.132723228068
186	0.11106128135
187	0.10904841732
188	0.0458575515877
189	0.0147178156063
190	0.0147096873485
191	0.0151680609071
192	0.0
193	0.0562352760409
194	0.0940723987436
195	0.0900226623266
196	0.0509066701724
197	0.0
198	0.0933580664235
199	0.112361261733
200	0.0122803685651
201	0.0594068662684
202	0.0704110763259
203	0.0597523484639
204	0.300561835488
205	0.233338357528
206	0.181389873447
207	0.126584721925
208	0.130044110301
209	0.139777886716
210	0.135796870035
211	0.0
212	0.0193832866697
213	0.16032578013
214	0.191244199638
215	0.0703609055844
216	0.333764557162
217	0.321681745262
218	0.365306778835
219	0.295448124082
220	0.162228861959
221	0.426278966463
222	0.524805400015
223	0.40831611474
224	0.360098047823
225	0.32173775566
226	0.430548510909
227	0.485698650097
228	0.292434231801
229	0.0137136081024
230	0.0165591280626
231	0.0218830345805
232	0.26168690818
233	0.325600232874
234	0.250888758136
235	0.107745526307
236	0.247223252066
237	0.338018724226
238	0.368787724803
239	0.676572624448
240	0.649323484918
241	0.534003695039
242	0.117452021688
243	0.113582984811
244	0.436313546818
245	0.663556078736
246	0.561017458226
247	0.576969645528
248	0.558065271136
249	0.547695584357
250	0.544855289928
251	0.176680921969
252	0.333607326257
253	0.497355067179
254	0.497362085379
255	0.491532467883
256	0.311176122929
257	0.279245215878
258	0.191957398549
259	0.375660111427
260	0.385337270502
261	0.384312804177
262	0.152696707759
263	0.25695383859
264	0.619198894922
265	0.493855313639
266	0.628123523395
267	0.578701361125
268	0.379963205851
269	0.392191765713
270	0.0286027150266
271	0.0745748476197
272	0.0735696167089
273	0.162123597374
274	0.15137209092
275	0.221193936366
276	0.429185742159
277	0.510906605222
278	0.380950367585
279	0.518967110854
280	0.491275108564
281	0.491343496402
282	0.485566183884
283	0.556047343048
284	0.54432561756
285	0.088099049343
286	0.0
287	0.0
288	0.0
289	0.0
290	0.0463980810878
291	0.111068330586
292	0.11253716838
293	0.353134258163
294	0.521728194988
295	0.505721661036
296	0.520064137803
297	0.517539390448
298	0.411978032314
299	0.380977953235
300	0.0
301	0.130287866257
302	0.141723792576
303	0.0695155136256
304	0.069544230177
305	0.0697299240076
306	0.205089452741
307	0.266865320407
308	0.552527821493
309	0.561077449874
310	0.651963652683
311	0.589934053189
312	0.521457113597
313	0.441734519624
314	0.304736088423
315	0.58725269212
316	0.309186801265
317	0.464568548316
318	0.464599037328
319	0.464776636005
320	0.33862594287
321	0.218107083162
322	0.32203254014
323	0.272671583736
324	0.176267797829
325	0.376866781233
326	0.306382489274
327	0.440968591818
328	0.425638760987
329	0.423666917012
330	0.252019956484
331	0.332056973413
332	0.489424482757
333	0.267842429006
334	0.35595215617
335	0.41028705843
336	0.301316586782
337	0.361056255379
338	0.32347447207
339	0.369130992104
340	0.644601081483
341	0.616345566889
342	0.671215594203
343	0.21883467074
344	0.0
345	0.0
346	0.043782028391
347	0.0417344697615
348	0.0322387836632
349	0.0608815794844
350	0.049790043813
351	0.0492433487957
352	0.119403968205
353	0.464391227884
354	0.485537121694
355	0.64446323095
356	0.604131320104
357	0.579720816455
358	0.428364631527
359	0.16234995879
360	0.236710070935
361	0.294907741847
362	0.309062876663
363	0.300298251864
364	0.0159707681961
365	0.159627419896
366	0.288053621189
367	0.158253047299
368	0.0
369	0.0245106422442
370	0.0110681945314
371	0.0178656748675
372	0.017299295716
373	0.00540196951172
374	0.00567357202646
375	0.0208833200637
376	0.0
377	0.0
378	0.148873858549
379	0.168401214111
380	0.299615204593
381	0.272533298081
382	0.133285025606
383	0.120530347063
384	0.0
385	0.0
386	0.0
387	0.0
388	0.120530347063
389	0.419792902279
390	0.419531626377
391	0.158809444141
392	0.0117323506407
393	0.0116683705809
394	0.0208833200637
395	0.00567357202646
396	0.0169205364994
397	0.0172784772434
398	0.0181910930261
399	0.0363819027081
400	0.0114694007302
401	0.0
402	0.287331871388
403	0.318602216996
404	0.0862793425577
405	0.0794543811859
406	0.100388617446
407	0.193311575012
408	0.108823400117
409	0.515023679892
410	0.410454225769
411	0.429008421985
412	0.383756425258
413	0.235289396484
414	0.0591060866939
415	0.244598621012
416	0.364411427939
417	0.357207634122
418	0.30285109155
419	0.159836765156
420	0.0428442157568
421	0.0431566371159
422	0.0431742355909
423	0.0419147561184
424	0.0362777544033
425	0.0355737595096
426	0.0
427	0.0
428	0.0695153980701
429	0.151455033575
430	0.148152388925
431	0.237427911009
432	0.333268600546
433	0.363709642472
434	0.394114296141
435	0.578016998941
436	0.554236398868
437	0.685010448679
438	0.555720753399
439	0.71945439942
440	0.638628056137
441	0.635142739292
442	0.38709748417
443	0.475125842929
444	0.359887497946
445	0.201754190191
446	0.154395928981
447	0.189419348253
448	0.174335421601
449	0.259777753845
450	0.249464401977
451	0.149752569485
452	0.218301395463
453	0.191665945766
454	0.0164598453123
455	0.111103596706
456	0.340887411543
457	0.342002384354
458	0.318748409593
459	0.241891007228
460	0.29617225771
461	0.329183768591
462	0.22988558942
463	0.186603877483
464	0.107817405062
465	0.0163185753291
466	0.138965497516
467	0.276657262252
468	0.275883883237
469	0.275907485066
470	0.275925173385
471	0.275982426017
472	0.329843261203
473	0.265246746091
474	0.439749004376
475	0.518353086326
476	0.521053027577
477	0.306320176207
478	0.431434114642
479	0.616894327977
480	0.241603806488
481	0.157873593086
482	0.282704135107
483	0.289324048698
484	0.650423545039
485	0.806727672805
486	0.673646079098
487	0.407124087178
488	0.569815957325
489	0.632464222944
490	0.388530415679
491	0.453730318939
492	0.4025826202
493	0.300419339263
494	0.290294476464
495	0.170231472306
496	0.204274687393
497	0.205585472056
498	0.329932412768
499	0.240825597337
500	0.201235750777
501	0.356545342222
502	0.241624285336
503	0.0469057752573
504	0.0883344178774
505	0.243265096771
506	0.300741389662
507	0.445719984753
508	0.447489833494
509	0.461918682675
510	0.32885897424
511	0.0811946654814
512	0.115364858304
513	0.0550048843258
514	0.00746285745374
515	0.0
516	0.00570802855985
517	0.00588890749167
518	0.0151680609071
519	0.0240543765133
520	0.0340215761519
521	0.0457652619644
522	0.15824541154
523	0.288191910829
524	0.388485115369
525	0.421763462669
526	0.392146181767
527	0.366126068854
528	0.393285724529
529	0.309807475507
530	0.297720186916
531	0.290259723953
532	0.392904290579
533	0.162261373402
534	0.206953915486
535	0.625707584757
536	0.685269040259
537	0.332701996064
538	0.601518474184
539	0.43431255665
540	0.088789487868
541	0.0557204686214
542	0.0184641016506
543	0.000416984302821
544	8.71351398343e-05
545	8.7062644963e-05
546	8.78816163899e-05
547	0.000105394322953
548	0.00620592917243
549	0.0
550	0.0
551	0.00142036152852
552	0.00038161526358
553	0.000591499771663
554	0.00707862754698
555	0.0
556	0.0
557	0.0
558	0.0
559	0.00707862754698
560	0.000591499771663
561	0.00038161526358
562	0.00142036152852
563	0.00620592917243
564	0.000105394322953
565	8.78816163899e-05
566	8.7062644963e-05
567	8.71351398343e-05
568	0.000416984302821
569	0.0227547833172
570	0.0328940211403
571	0.536654722562
572	0.542981272983
573	0.349217584099
574	0.225324745965
575	0.353278002089
576	0.386690000326
577	0.278750059997
578	0.344501539771
579	0.390398463054
580	0.327291387394
581	0.191608305428
582	0.445251526902
583	0.476241131327
584	0.463740632466
585	0.34863311398
586	0.202774055767
587	0.0275726809879
588	0.0231428266279
589	0.0628644250952
590	0.0608089085181
591	0.206106973062
592	0.20616188439
593	0.216992712834
594	0.0
595	0.0
596	0.0502508367415
597	0.197499858141
598	0.182541370169
599	0.250587753185
600	0.365148545509
601	0.365865664369
602	0.166153361319
603	0.287667619666
604	0.268904746966
605	0.26133251411
606	0.172274670588
607	0.122422609681
608	0.143576050874
609	0.170500104087
610	0.316802902282
611	0.12413660783
612	0.0651497037365
613	0.0441904781576
614	0.0271514074747
615	0.0732637396932
616	0.197933667437
617	0.158189050706
618	0.296937060786
619	0.303324879061
620	0.173080895353
621	0.128600597647
622	0.149432646631
623	0.123374714872
624	0.121380161387
625	0.121377218735
626	0.12559584181
627	0.0
628	0.0
629	0.134580724258
630	0.130442147049
631	0.0
632	0.0
633	0.146702170938
634	0.114366304796
635	0.2725555865
636	0.272557480165
637	0.272557842237
638	0.272845772481
639	0.287135035124
640	0.0955614212286
641	0.261913866012
642	0.232001155039
643	0.151700546618
644	0.261950641598
645	0.402942607499
646	0.443710908677
647	0.295111445902
648	0.400496003325
649	0.156675795958
650	0.391753201289
651	0.406585695365
652	0.54831833049
653	0.620700242937
654	0.409697100214
655	0.188744259528
656	0.0180658448024
657	0.0
658	0.200864948063
659	0.201925307444
660	0.127302173825
661	0.153346087047
662	0.0160726570544
663	0.0144214667531
664	0.0143956862619
665	0.00374750139221
666	0.00396508778589
667	0.0108282639967
668	0.0356488139763
669	0.0
670	0.158035372181
671	0.140607304103
672	0.137906732462
673	0.137853388947
674	0.137964523464
675	0.138997639985
676	0.158800024549
677	0.287373822555
678	0.291917681699
679	0.167729717051
680	0.021691819437
681	0.0
682	0.0
683	0.0
684	0.0
685	0.00363298609594
686	0.133298912351
687	0.125089904953
688	0.0
689	0.319318812309
690	0.305683656976
691	0.296504320453
692	0.29670675701
693	0.140607304103
694	0.158035372181
695	0.00591527470661
696	0.00544254520521
697	0.0
698	0.0
699	0.0
700	0.0
701	0.0297335392697
702	0.0170366302318
703	0.0156532461721
704	0.0154398052699
705	0.0154383819499
706	0.015457968362
707	0.0170962720027
708	0.142692464669
709	0.247793601766
710	0.357412283522
711	0.475079177501
712	0.642126561982
713	0.385798491179
714	0.211381606289
715	0.119782549873
716	0.118909305785
717	0.0990633063932
718	0.101640914108
719	0.215714988234
720	0.412085937724
721	0.412326265813
722	0.25299510489
723	0.293288316319
724	0.278014748397
725	0.396294342479
726	0.396330564064
727	0.149269031902
728	0.326154586319
729	0.325962956844
730	0.299919182699
731	0.213583295249
732	0.20815616264
733	0.0433719152561
734	0.13593493631
735	0.167456015373
736	0.11831047795
737	0.389591505507
738	0.405483677281
739	0.219960733396
740	0.0987375506719
741	0.123897730464
742	0.128166897022
743	0.0271396896978
744	0.162018452037
745	0.132138164154
746	0.12457129523
747	0.142507718871
748	0.208326347255
749	0.0568023148948
750	0.0289335302161
751	2.52442192722e-05
752	2.40072992785e-05
753	2.34572856857e-05
754	2.7727158131e-05
755	4.88057976642e-05
756	0.000160924272245
757	0.00181136592739
758	0.0
759	0.0
760	0.00027090944021
761	2.76610448821e-05
762	2.42139742052e-05
763	0.00242921803068
764	0.0148299089398
765	0.143858445717
766	0.165997495163
767	0.159717704398
768	0.149824950093
769	0.303403724635
770	0.149514293551
771	0.299960484907
772	2.61392276804e-05
773	2.1975503466e-05
774	0.000382932324846
775	0.00562966035012
776	0.0458828355791
777	0.0
778	0.104955122391
779	0.116964493759
780	0.0
781	0.0254689473657
782	0.0204289112788
783	0.0
784	0.0
785	0.0
786	0.0
787	0.0
788	0.0
789	0.0
790	0.000271044206268
791	2.03913254418e-05
792	1.66247092133e-05
793	1.62908194744e-05
794	1.73731918981e-05
795	3.04679262282e-05
796	0.000264325799579
797	0.0656340192374
798	0.104414570719
799	0.100178871673
800	0.0
801	0.0309861975603
802	0.129689308215
803	0.127372943403
804	0.0411272058532
805	0.14807263455
806	0.138858289837
807	0.431149883306
808	0.0807608970271
809	5.2517406578e-05
810	4.75603492076e-05
811	6.08700706773e-05
812	4.41419166329e-05
813	0.00858752039274
814	0.0
815	0.0
816	0.0
817	0.0
818	0.0
819	0.00858752039274
820	4.41419166329e-05
821	6.08700706773e-05
822	4.75603492076e-05
823	5.2517406578e-05
824	0.0225384233011
825	0.0
826	0.0
827	0.0287986738017
828	0.0407945459721
829	0.222801408524
830	0.230433526054
831	0.288608350891
832	0.138858289837
833	0.0411272058532
834	0.0405999959362
835	0.142649613696
836	0.104414570719
837	0.0797393325407
838	0.0168808842569
839	0.000264325799579
840	3.04679262282e-05
841	1.73731918981e-05
842	1.62908194744e-05
843	1.66247092133e-05
844	2.03913254418e-05
845	0.000271044206268
846	0.0
847	0.0
848	0.0
849	0.137393405038
850	0.130424069757
851	0.0458828355791
852	0.00562966035012
853	0.0
854	0.000382932324846
855	2.1975503466e-05
856	2.61392276804e-05
857	0.144406156341
858	0.155554328566
859	0.301686378217
860	0.301056590061
861	0.137902966698
862	0.141074417843
863	0.0820731534429
864	0.0586447900035
865	0.0397529862602
866	0.0249552399711
867	0.00242921803068
868	2.42139742052e-05
869	2.76610448821e-05
870	0.00027090944021
871	0.0
872	0.0
873	0.00181136592739
874	0.000160924272245
875	4.88057976642e-05
876	2.7727158131e-05
877	2.34572856857e-05
878	2.40072992785e-05
879	2.52442192722e-05
880	0.0067005668924
881	0.026355985529
882	0.217314027601
883	0.194003304745
884	0.120448273025
885	0.19655625772
886	0.206536726349
887	0.0484340454469
888	0.168669666308
889	0.162063649038
890	0.151223839153
891	0.114257757738
892	0.00761805302362
893	0.0128184408289
894	0.0670724299898
895	0.152252711573
896	0.249092754692
897	0.244706373237
898	0.253393036536
899	0.249818908159
900	0.229860574856
901	0.151409661854
902	0.00426699573212
903	0.134530734039
904	0.134580724258
905	0.102330232001
906	0.10236239826
907	0.231702719619
908	0.22855433754
909	0.273903213143
910	0.271606284285
911	0.215306566292
912	0.184169704312
913	0.0506282092346
914	0.139529885664
915	0.153616162047
916	0.00559326671314
917	0.0132163722109
918	0.0311560797095
919	0.030579723431
920	0.0201761260524
921	0.0
922	0.0
923	0.0
924	0.166162317667
925	0.196294332538
926	0.243844744111
927	0.171219320387
928	0.238128087485
929	0.257070773269
930	0.256851306105
931	0.239261132938
932	0.113652444863
933	0.116206872064
934	0.257623627324
935	0.155510548819
936	0.28760487403
937	0.298737571329
938	0.300730121238
939	0.138947457179
940	0.149131150288
941	0.0216956332931
942	0.120167372418
943	0.0
944	0.144245941442
945	0.160601955583
946	0.162326340936
947	0.149040043862
948	0.350401833983
949	0.350347446894
950	0.143123410171
951	0.17215848431
952	0.167517308687
953	0.161609871993
954	0.0462763148154
955	0.106531605997
956	0.160976841834
957	0.319686238326
958	0.473153854543
959	0.465215884429
960	0.525955862247
961	0.372042672757
962	0.238315595341
963	0.35906385236
964	0.441581854926
965	0.280668893644
966	0.371425458932
967	0.608303771053
968	0.48747717872
969	0.369895174858
970	0.297258168029
971	0.289903085668
972	0.168824441425
973	0.252931248659
974	0.378972207609
975	0.368417881867
976	0.333275765308
977	0.172470013076
978	0.155863129131
979	0.211082593512
980	0.111949545976
981	0.191310337101
982	0.20853442367
983	0.0150705538978
984	0.0
985	0.0
986	0.0
987	0.156993148226
988	0.18541445036
989	0.0297455575477
990	0.0
991	0.0
992	0.0
993	0.0
994	0.0
995	0.0150705538978
996	0.0209300675858
997	0.0
998	0.0492947205102
999	0.12843643903
1000	0.294383872841
1001	0.221639738584
1002	0.363891674163
1003	0.363898461727
1004	0.363543653334
1005	0.304681720204
1006	0.206397726393
1007	0.357732278289
1008	0.35120482759
1009	0.214362822355
1010	0.0564741595271
1011	0.132007202807
1012	0.125046663088
1013	0.130610638822
1014	0.135584524161
1015	0.0607692165099
1016	0.088785880679
1017	0.130468145501
1018	0.0445394979898
1019	0.0713949368615
1020	0.072360757403
1021	0.0758504368112
1022	0.0
1023	0.156942279288
1024	0.186589630162
1025	0.12144482232
1026	0.208040521531
1027	0.206881772973
1028	0.220278877547
1029	0.224171755736
1030	0.00914321611474
1031	0.0351659970465
1032	0.0
1033	0.0
1034	0.0
1035	0.243158883842
1036	0.258318097704
1037	0.129170701669
1038	0.143866324577
1039	0.138522687276
1040	0.0
1041	0.0512090942219
1042	0.00960972261901
1043	0.00960780156281
1044	0.082081115601
1045	0.0
1046	0.0
1047	0.0
1048	0.082081115601
1049	0.00960780156281
1050	0.00960972261901
1051	0.0512090942219
1052	0.137129466811
1053	0.217623341132
1054	0.233972043599
1055	0.27184740195
1056	0.144651074602
1057	0.0801910230183
1058	0.0802083564352
1059	0.201457961824
1060	0.206551970289
1061	0.206568447467
1062	0.324248750729
1063	0.324033887288
1064	0.297319243021
1065	0.208004236581
1066	0.14108390559
1067	0.169188183682
1068	0.185586231999
1069	0.186149263853
1070	0.186155845892
1071	0.186149961474
1072	0.186224596636
1073	0.172531198626
1074	0.165509836947
1075	0.0174092723742
1076	0.0204966962573
1077	0.0290967431167
1078	0.0101152969043
1079	0.0
1080	0.155691436039
1081	0.148136342682
1082	0.209408633418
1083	0.241376064128
1084	0.073526881503
1085	0.0745638891867
1086	0.157013965101
1087	0.309579056015
1088	0.18973624229
1089	0.158466737757
1090	0.0
1091	0.0
1092	0.0
1093	0.0652334529629
1094	0.0207539814816
1095	0.156347282215
1096	0.315480702858
1097	0.124502789327
1098	0.132477792318
1099	0.210406287535
1100	0.209376495979
1101	0.233741921581
1102	0.209122021735
1103	0.0382293465907
1104	0.116458628258
1105	0.0781798211078
1106	0.180182979922
1107	0.214241383075
1108	0.206071032097
1109	0.173016434105
1110	0.0335233064466
1111	0.200233011333
1112	0.198009060893
1113	0.160459676817
1114	0.177447086692
1115	0.224496820507
1116	0.344006652279
1117	0.275743393749
1118	0.464020196047
1119	0.257985370055
1120	0.251530286693
1121	0.21062417635
1122	0.200846027448
1123	0.0
1124	0.0266752122687
1125	0.0121006330618
1126	0.00712210438588
1127	0.212548769845
1128	0.209627507578
1129	0.183851749938
1130	0.152309961848
1131	0.1651320345
1132	0.241828393726
1133	0.246023667161
1134	0.27303655312
1135	0.300587156453
1136	0.267196841287
1137	0.41742954393
1138	0.277891844437
1139	0.266351416558
1140	0.215874377426
1141	0.0341918602526
1142	0.0
1143	0.0
1144	0.0
1145	0.033180719619
1146	0.156076611296
1147	0.236373365795
1148	0.202585446622
1149	0.201697448355
1150	0.252146295256
1151	0.212836564464
1152	0.263027464086
1153	0.328835808608
1154	0.337139483945
1155	0.294947416701
1156	0.121390170878
1157	0.075394644237
1158	0.283221623211
1159	0.332056136544
1160	0.332685358225
1161	0.0690171076425
1162	0.251255753533
1163	0.224039980092
1164	0.223921527202
1165	0.205400702209
1166	0.204067596081
1167	0.193891579158
1168	0.181507710143
1169	0.262733861884
1170	0.11568682
1171	0.106565140952
1172	0.054564727018
1173	0.258285787287
1174	0.253212979318
1175	0.232588140903
1176	0.0526226261282
1177	0.0
1178	0.0
1179	0.0
1180	0.0
1181	0.0288618094641
1182	0.0294658226102
1183	0.0126849740154
1184	0.149135584669
1185	0.1588472723
1186	0.173022158934
1187	0.279818072665
1188	0.27214134561
1189	0.347681902237
1190	0.195669618493
1191	0.194763328594
1192	0.200256009356
1193	0.0331115336786
1194	0.0
1195	0.144446920467
1196	0.145285006448
1197	0.191500226696
1198	0.312955712598
1199	0.30644756604
1200	0.291604183802
1201	0.133949673264
1202	0.298042839633
1203	0.294823534393
1204	0.106493167954
1205	0.0152735007097
1206	0.00592894290809
1207	0.104482795051
1208	0.0745964335137
1209	0.0288618094641
1210	0.0
1211	0.0405260850396
1212	0.000554399198459
1213	4.11356054063e-05
1214	3.12482461828e-05
1215	2.93202196574e-05
1216	2.95831139918e-05
1217	5.10986560255e-05
1218	0.0
1219	0.0
1220	0.00673675665786
1221	9.55172198356e-05
1222	2.98192267617e-05
1223	2.96672955777e-05
1224	3.12480658191e-05
1225	0.000109667330879
1226	0.092561702706
1227	0.198482073781
1228	0.142576110922
1229	0.0356329572122
1230	0.0356159575633
1231	0.0348898834626
1232	0.0616340848213
1233	0.012116412736
1234	0.0109283735259
1235	0.0130056575891
1236	0.0549392527913
1237	0.0343894427432
1238	0.0756603513699
1239	0.0476136623393
1240	0.0461225265973
1241	0.0457503209626
1242	0.0738213799974
1243	0.0
1244	0.0
1245	0.0
1246	0.0
1247	0.000189038328864
1248	3.24393600004e-05
1249	3.01142782815e-05
1250	3.27017039776e-05
1251	0.000123255504391
1252	0.0
1253	0.0088223095392
1254	3.23360759005e-06
1255	8.91014171936e-07
1256	1.18522843206e-06
1257	3.87886535573e-06
1258	0.00952490026253
1259	0.0
1260	0.0
1261	0.0
1262	0.0
1263	0.0
1264	0.0
1265	0.0
1266	0.0
1267	0.0
1268	0.0
1269	0.0
1270	0.00952490026253
1271	3.87886535573e-06
1272	1.18522843206e-06
1273	8.91014171936e-07
1274	3.23360759005e-06
1275	0.0088223095392
1276	0.0
1277	0.063201626071
1278	0.0446340908516
1279	0.0
1280	0.143302723968
1281	0.14292373475
1282	0.254431067302
1283	0.271356198854
1284	0.101197874799
1285	0.101172770129
1286	0.0
1287	0.142897269773
1288	0.14331999336
1289	0.244096504879
1290	0.309757901777
1291	0.0664769830899
1292	0.0
1293	0.000123255504391
1294	3.27017039776e-05
1295	3.01142782815e-05
1296	3.24393600004e-05
1297	0.000189038328864
1298	0.0
1299	0.0
1300	0.0255855669113
1301	0.0996766306234
1302	0.0363367259718
1303	0.035822671402
1304	0.011997704776
1305	0.0407704679073
1306	0.0
1307	0.0549392527913
1308	0.0130056575891
1309	0.0109283735259
1310	0.037449514753
1311	0.0531000759455
1312	0.025855250626
1313	0.0255855669113
1314	0.0
1315	0.0
1316	0.202403492472
1317	0.195947366078
1318	0.0
1319	0.000109667330879
1320	3.12480658191e-05
1321	2.96672955777e-05
1322	2.98192267617e-05
1323	9.55172198356e-05
1324	0.00673675665786
1325	0.0
1326	5.10986560255e-05
1327	2.95831139918e-05
1328	2.93202196574e-05
1329	3.12482461828e-05
1330	4.11356054063e-05
1331	0.000554399198459
1332	0.0405260850396
1333	0.0719210444639
1334	0.222670472745
1335	0.20451075899
1336	0.0
1337	0.0592850324089
1338	0.0600889347675
1339	0.301504377857
1340	0.5403405623
1341	0.520042267268
1342	0.156370569264
1343	0.0
1344	0.0
1345	0.174334844501
1346	0.183081994906
1347	0.260743066498
1348	0.154616516949
1349	0.0774091860277
1350	0.236817589912
1351	0.19456256372
1352	0.00097053133777
1353	5.60573271265e-06
1354	3.66418637409e-06
1355	9.26930091565e-05
1356	0.0117680231425
1357	0.0
1358	0.0
1359	0.0
1360	0.0117680231425
1361	9.26930091565e-05
1362	3.66418637409e-06
1363	5.60573271265e-06
1364	0.00097053133777
1365	0.159767830287
1366	0.369263972021
1367	0.299132548085
1368	0.0
1369	0.0
1370	0.0
1371	0.0
1372	0.202601904829
1373	0.202670221338
1374	0.0849297460046
1375	0.197140895219
1376	0.365699979854
1377	0.3003857263
1378	0.0
1379	0.0221704001703
1380	0.0953324186865
1381	0.0564204933049
1382	0.151432497962
1383	0.0583129543855
1384	2.16754930932e-05
1385	6.48087032849e-07
1386	0.0775283017619
1387	2.09287499133e-07
1388	2.14758588919e-08
1389	2.22230862822e-06
1390	4.07368383454e-05
1391	0.00111869716761
1392	0.0
1393	0.0
1394	0.0
1395	0.0
1396	0.00111869716761
1397	4.07368383454e-05
1398	2.22230862822e-06
1399	2.14758588919e-08
1400	2.09287499133e-07
1401	0.0775283017619
1402	6.48087032849e-07
1403	2.16754930932e-05
1404	0.0931076878182
1405	0.352462000486
1406	0.225941303837
1407	0.289001516694
1408	0.272735283757
1409	0.272732625421
1410	0.209734990377
1411	0.267856158946
1412	0.170845684796
1413	0.258537778581
1414	0.275493245909
1415	0.403686039997
1416	0.30366439784
1417	0.296853747141
1418	0.16642312729
1419	0.0973537871648
1420	0.0441767023839
1421	0.165020120406
1422	0.13267650094
1423	0.0740868116293
1424	0.154111402785
1425	0.0
1426	0.0263263370646
1427	0.0260478430325
1428	0.0260375893079
1429	0.0873606179971
1430	0.0900493281502
1431	0.0373205743604
1432	0.0781258526643
1433	0.0959090023441
1434	0.0457906309207
1435	0.0250428204508
1436	0.0306085527335
1437	0.0349466996661
1438	0.0496919361493
1439	0.00142753131876
1440	0.000412052325389
1441	0.00039592968929
1442	0.00041802918266
1443	0.0
1444	0.0
1445	0.0
1446	0.00112257570857
1447	0.000849275999203
1448	0.00105442526627
1449	0.0
1450	0.0
1451	0.0
1452	0.0
1453	0.0
1454	0.0
1455	0.0
1456	0.0
1457	0.0
1458	0.0
1459	0.0
1460	0.0
1461	0.0
1462	0.00105442526627
1463	0.000849275999203
1464	0.00112257570857
1465	0.0
1466	0.00041802918266
1467	0.00039592968929
1468	0.000412052325389
1469	0.00142753131876
1470	0.0496919361493
1471	0.0805716257608
1472	0.0403296934014
1473	0.044461862067
1474	0.0736832778531
1475	0.0630530720416
1476	0.127109446168
1477	0.276744621648
1478	0.240235196385
1479	0.303316761156
1480	0.45909839799
1481	0.300608648047
1482	0.288746889788
1483	0.0577993550539
1484	0.0
1485	0.0
1486	0.0
1487	0.158258879922
1488	0.157984106648
1489	0.420326386972
1490	0.42053116897
1491	0.262599854773
1492	0.1074245549
1493	0.150355969081
1494	0.0
1495	0.0
1496	0.0
1497	0.0
1498	0.0
1499	0.0
1500	0.0
1501	0.0
1502	0.0
1503	0.0429424420621
1504	0.0
1505	0.154083881591
1506	0.153983094208
1507	0.153978509432
1508	0.367214621752
1509	0.153851121912
1510	0.0468608204691
1511	0.157940842385
1512	0.157256988162
1513	0.157253020612
1514	0.150155113818
1515	0.234313899069
1516	0.232931036127
1517	0.276289387232
1518	0.0765664165007
1519	0.0230676707817
1520	0.0
1521	0.0
1522	0.0906789357839
1523	0.139118665696
1524	0.211050165179
1525	0.0
1526	0.0320229487602
1527	0.0720227648722
1528	0.12062697239
1529	0.10711168979
1530	0.0502776628524
1531	0.0393538498377
1532	0.0383595632483
1533	0.0978840675556
1534	0.105477645777
1535	0.0454423439065
1536	0.0431273258299
1537	0.0599859986241
1538	0.0657873545154
1539	0.0659773114653
1540	0.0616239157037
1541	0.0613566685785
1542	0.0
1543	0.0981081995736
1544	0.153827668428
1545	0.195549754506
1546	0.171539626247
1547	0.175077080439
1548	0.0
1549	0.0
1550	0.0
1551	0.0
1552	0.221463926721
1553	0.268282848928
1554	0.282805564981
1555	0.15174734257
1556	0.292779175647
1557	0.20227228507
1558	0.272237589721
1559	0.199620661368
1560	0.199652244778
1561	0.199652621274
1562	0.196364523143
1563	0.154429898473
1564	0.154594462497
1565	0.275711982038
1566	0.238418021724
1567	0.211415134638
1568	0.184061193207
1569	0.17383960189
1570	0.15630975979
1571	0.150477115019
1572	0.0
1573	0.00894840151925
1574	0.0
1575	0.436950027405
1576	0.564167551062
1577	0.579338529635
1578	0.557125763063
1579	0.382771326453
1580	0.380639592032
1581	0.367498204364
1582	0.42740936572
1583	0.427639167993
1584	0.436857661853
1585	0.489284838144
1586	0.408023053639
1587	0.619379618845
1588	0.59644985743
1589	0.0
1590	0.0
1591	0.0
1592	0.014967483866
1593	0.0150118714639
1594	0.221119507594
1595	0.274769504827
1596	0.125871829018
1597	0.189361078347
1598	0.215668378002
1599	0.142939958922
1600	0.459324581511
1601	0.456862908201
1602	0.45676790453
1603	0.452313742302
1604	0.312867621816
1605	0.156250905711
1606	0.143387503589
1607	0.030671613186
1608	0.0
1609	0.0
1610	0.0
1611	0.14622638276
1612	0.152067369239
1613	0.306576866523
1614	0.428086099927
1615	0.459023520116
1616	0.222933712274
1617	0.211996784154
1618	0.228172864614
1619	0.158914672544
1620	0.159646751928
1621	0.181972315646
1622	0.193394408287
1623	0.338566087927
1624	0.51469689741
1625	0.550680368163
1626	0.582742411297
1627	0.441252835191
1628	0.109695492885
1629	0.509711218941
1630	0.588985755874
1631	0.501447008207
1632	0.614026874849
1633	0.622795023168
1634	0.589354670444
1635	0.615482903734
1636	0.34259912425
1637	0.0574850773224
1638	0.213254591304
1639	0.31640142363
1640	0.320201112863
1641	0.320279399347
1642	0.37135183252
1643	0.369317075134
1644	0.0359605291181
1645	0.476656963832
1646	0.490752577964
1647	0.33157034793
1648	0.282868161903
1649	0.14515551196
1650	0.120283716777
1651	0.217411798059
1652	0.11758124779
1653	0.231184486485
1654	0.184999863852
1655	0.0410410958879
1656	0.0575243519582
1657	0.0225982258713
1658	0.0
1659	0.0
1660	0.385471016358
1661	0.364619480716
1662	0.363122996062
1663	0.364044443061
1664	0.389290774964
1665	0.0169319802809
1666	0.122064529762
1667	0.109431932523
1668	0.111875206357
1669	0.159152036162
1670	0.120366311576
1671	0.295290221855
1672	0.28585216295
1673	0.187467970912
1674	0.167109550787
1675	0.2341826395
1676	0.0694064153818
1677	0.204232757474
1678	0.207165993564
1679	0.135834355843
1680	0.135592070438
1681	0.233927277899
1682	0.280533206702
1683	0.470233381979
1684	0.413652734987
1685	0.451134551514
1686	0.359550916148
1687	0.208333429975
1688	0.235059049768
1689	0.118144320228
1690	0.0200137944276
1691	0.0
1692	0.184670129437
1693	0.207069587933
1694	0.207803908308
1695	0.396552000142
1696	0.481159278569
1697	0.470726362885
1698	0.441380421167
1699	0.180287715923
1700	0.23852495505
1701	0.120919179925
1702	0.0867965029716
1703	0.0663024122785
1704	0.0423375923668
1705	0.0
1706	0.0
1707	0.190228654824
1708	0.309252390279
1709	0.3354191506
1710	0.337414396206
1711	0.45523265163
1712	0.290098082753
1713	0.210245353241
1714	0.34244012925
1715	0.497206740507
1716	0.44389709735
1717	0.312043524525
1718	0.0376160463304
1719	0.0221931106019
1720	0.0
