0.000000
0.000000
0.000000
0.000000
0.166697
0.014105
0.850000
0.850000
0.399181
0.000000
0.610082
0.591911
0.148796
0.063066
0.358686
0.185362
0.150349
0.000000
0.179439
0.282974
0.380943
0.850000
0.729123
0.593219
0.000000
0.850000
0.103200
0.505219
0.669444
0.386872
0.850000
0.469792
0.850000
0.021438
0.439962
0.465815
0.311126
0.217096
0.000000
0.032285
0.000000
0.124469
0.850000
0.850000
0.296145
0.121927
0.000000
0.000000
0.110879
0.047666
0.000000
0.031005
0.850000
0.160984
0.850000
0.187287
0.689810
0.037488
0.272478
0.850000
0.000000
0.229222
0.850000
0.324783
0.000000
0.251307
0.499860
0.157065
0.850000
0.031501
0.850000
0.850000
0.000000
0.052079
0.308129
0.850000
0.850000
0.472996
0.844107
0.546434
0.240248
0.195790
0.000000
0.105795
0.412862
0.327843
0.132483
0.127579
0.827843
0.525068
0.019163
0.752643
0.115858
0.542972
0.680241
0.850000
0.850000
0.422937
0.373622
0.850000
0.000000
0.611693
0.850000
0.153591
0.479578
0.809048
0.116739
0.850000
0.524420
0.136470
0.521635
0.463884
0.487922
0.471638
0.458643
0.850000
0.850000
0.603412
0.322592
0.086069
0.449072
0.203061
0.245830
0.181955
0.837908
0.000896
0.193015
0.000000
0.819585
0.498731
0.000000
0.850000
0.000000
0.597952
0.121754
0.000000
0.375678
0.850000
0.211761
0.057809
0.072072
0.688231
0.056725
0.071379
0.592419
0.285121
0.000000
0.850000
0.850000
0.850000
0.158274
0.000000
0.000000
0.043164
0.000000
0.502612
0.000000
0.000000
0.277013
0.850000
0.292136
0.539837
0.000000
0.167547
0.000000
0.000000
0.560021
0.601553
0.047958
0.850000
0.468449
0.850000
0.850000
0.850000
0.850000
0.000000
0.850000
0.000000
0.688592
0.000000
0.000000
0.000000
0.141817
0.000000
0.322255
0.377555
0.000000
0.087684
0.421052
0.467722
0.739121
0.850000
0.168440
0.000000
0.396446
0.000000
0.446955
0.530530
0.487176
0.850000
0.850000
0.850000
0.377791
0.495688
0.165652
0.850000
0.469029
0.850000
0.589266
0.850000
0.648061
0.850000
0.850000
0.850000
0.738991
0.224253
0.047137
0.501102
0.258291
0.530995
0.000000
0.230835
0.850000
0.719373
0.382445
0.656145
0.127991
0.850000
0.850000
0.000000
0.840693
0.452972
0.420987
0.850000
0.850000
0.850000
0.850000
0.000000
0.000000
0.018116
0.000000
0.000000
0.850000
0.186385
0.635312
0.030304
0.000000
0.122440
0.565620
0.307700
0.588635
0.149679
0.131713
0.063293
0.850000
0.756346
0.825397
0.850000
0.000000
0.243233
0.000000
0.566935
0.850000
0.435614
0.099478
0.078929
0.292630
0.000000
0.625013
0.720257
0.850000
0.850000
0.240967
0.000000
0.645818
0.165108
0.304496
0.370201
0.349379
0.000000
0.000000
0.850000
0.145666
0.850000
0.850000
0.850000
0.529192
0.850000
0.850000
0.407294
0.729527
0.663076
0.000000
0.000000
0.000000
0.249535
0.315784
0.000000
0.162106
0.000000
0.669285
0.200872
0.850000
0.850000
0.850000
0.651949
0.132854
0.000000
0.850000
0.109269
0.000000
0.528855
0.284871
0.366963
0.000000
0.334733
0.012913
0.058023
0.000000
0.000000
0.056513
0.044554
0.534009
0.850000
0.000000
0.352049
0.757699
0.000000
0.000000
0.746921
0.808104
0.207047
0.613347
0.242783
0.629086
0.850000
0.000000
0.000000
0.010036
0.660907
0.000000
0.252227
0.375386
0.825038
0.144258
0.000000
0.494032
0.000000
0.000000
0.363742
0.850000
0.157621
0.378237
0.598046
0.000000
0.850000
0.286091
0.000000
0.000000
0.000000
0.165185
0.472869
0.000000
0.850000
0.367336
0.000000
0.411567
0.000000
0.281811
0.000000
0.145139
0.000000
0.000000
0.000000
0.000000
0.850000
0.850000
0.850000
0.000000
0.183400
0.604700
0.000000
0.309653
0.317556
0.713075
0.850000
0.850000
0.850000
0.026185
0.850000
0.850000
0.544688
0.000000
0.294792
0.000000
0.121438
0.019779
0.509945
0.297216
0.785485
0.185988
0.770345
0.385791
0.455129
0.850000
0.850000
0.177899
0.617745
0.275472
0.355468
0.000000
0.000000
0.161899
0.850000
0.000000
0.254875
0.327600
0.390721
0.850000
0.850000
0.792948
0.850000
0.739207
0.850000
0.850000
0.850000
0.685393
0.850000
0.512665
0.000000
0.850000
0.000000
0.207141
0.306756
0.302103
0.122009
0.318702
0.000000
0.256625
0.114098
0.544614
0.566177
0.116855
0.850000
0.850000
0.000000
0.441565
0.000000
0.000000
0.188742
0.850000
0.850000
0.850000
0.850000
0.850000
0.059583
0.000000
0.750281
0.531159
0.000000
0.699705
0.850000
0.000000
0.850000
0.233220
0.850000
0.197849
0.000000
0.738991
0.000000
0.000000
0.122445
0.000000
0.585830
0.000000
0.409487
0.201065
0.850000
0.008590
0.850000
0.000000
0.112213
0.850000
0.291491
0.000000
0.187326
0.000000
0.371549
0.064041
0.005130
0.000000
0.000000
0.000000
0.000000
0.637476
0.131251
0.000000
0.353347
0.850000
0.252908
0.041202
0.000000
0.850000
0.000000
0.830888
0.024223
0.355781
0.398276
0.317628
0.000000
0.544062
0.047293
0.700145
0.850000
0.850000
0.000000
0.215687
0.347829
0.531606
0.679461
0.850000
0.850000
0.589738
0.657438
0.000000
0.000000
0.000000
0.548586
0.187415
0.000000
0.000000
0.095424
0.081659
0.000000
0.850000
0.000000
0.000000
0.850000
0.850000
0.850000
0.000000
0.850000
0.128627
0.000000
0.592121
0.000000
0.813006
0.013888
0.715215
0.000000
0.214072
0.485474
0.850000
0.270614
0.850000
0.850000
0.850000
0.378179
0.040437
0.665308
0.000000
0.693046
0.113836
0.619801
0.000000
0.004808
0.450193
0.000000
0.811191
0.372919
0.000000
0.289163
0.156497
0.445997
0.850000
0.340036
0.000000
0.281830
0.029599
0.000000
0.105277
0.027950
0.318834
0.000000
0.000000
0.609714
0.638986
0.850000
0.522793
0.739966
0.850000
0.712842
0.850000
0.850000
0.850000
0.850000
0.000000
0.708571
0.468735
0.247516
0.000000
0.000000
0.000000
0.000000
0.000000
0.250221
0.413303
0.850000
0.850000
0.850000
0.271782
0.466426
0.252754
0.850000
0.363982
0.307132
0.000000
0.000000
0.158093
0.232924
0.091281
0.759550
0.432215
0.113434
0.000000
0.850000
0.850000
0.850000
0.555801
0.149561
0.850000
0.850000
0.850000
0.075765
0.000000
0.145907
0.000000
0.084824
0.141294
0.662289
0.000000
0.000000
0.000000
0.567845
0.333038
0.365100
0.000000
0.850000
0.107427
0.083835
0.390447
0.000000
0.131504
0.176127
0.525311
0.295967
0.188667
0.574366
0.447721
0.392821
0.295492
0.132284
0.424569
0.000000
0.000000
0.002443
0.394328
0.451599
0.000000
0.069034
0.000000
0.000000
0.098975
0.000000
0.850000
0.172631
0.850000
0.850000
0.185234
0.251791
0.526332
0.447312
0.850000
0.850000
0.200716
0.850000
0.521406
0.111996
0.343346
0.090482
0.096950
0.068960
0.771613
0.850000
0.558353
0.287784
0.850000
0.489504
0.846786
0.850000
0.254324
0.175932
0.273850
0.000000
0.402315
0.000000
0.060440
0.352124
0.000000
0.249913
0.000000
0.342357
0.606760
0.000000
0.000000
0.850000
0.850000
0.850000
0.451272
0.000000
0.000000
0.000000
0.215141
0.850000
0.079723
0.198788
0.741547
0.055317
0.000000
0.211795
0.000000
0.324757
0.000000
0.400481
0.850000
0.850000
0.000000
0.000000
0.850000
0.732787
0.433932
0.551744
0.850000
0.000000
0.052086
0.850000
0.520133
0.641066
0.577433
0.334232
0.211267
0.619760
0.000000
0.218704
0.000000
0.365073
0.469354
0.345689
0.269384
0.092795
0.000000
0.000000
0.000000
0.000000
0.127088
0.000000
0.381475
0.271026
0.021349
0.026912
0.026484
0.000000
0.000000
0.000000
0.000000
0.229754
0.850000
0.027521
0.664468
0.092278
0.000000
0.571750
0.000000
0.850000
0.850000
0.290986
0.850000
0.640772
0.850000
0.566528
0.054395
0.000000
0.000000
0.000000
0.722464
0.142722
0.000000
0.000000
0.181387
0.850000
0.319648
0.043282
0.000000
0.850000
0.328129
0.266621
0.070753
0.000000
0.000000
0.073240
0.129936
0.102588
0.000000
0.000000
0.000000
0.112784
0.850000
0.221732
0.092383
0.000000
0.000000
0.000000
0.023836
0.410156
0.079051
0.726821
0.850000
0.850000
0.336098
0.850000
0.409422
0.000000
0.223218
0.000000
0.000000
0.000000
0.226424
0.850000
0.443426
0.000000
0.000000
0.000000
0.000000
0.115037
0.035887
0.525899
0.007622
0.053805
0.046975
0.204972
0.007128
0.000000
0.850000
0.685506
0.000000
0.556780
0.850000
0.000000
0.083500
0.000000
0.548410
0.472021
0.656509
0.000000
0.000000
0.000000
0.232739
0.000000
0.344714
0.015443
0.169273
0.333816
0.180426
0.396870
0.453275
0.681245
0.267372
0.216082
0.101577
0.000000
0.423286
0.000000
0.477862
0.618308
0.048846
0.478215
0.502102
0.000000
0.000000
0.227460
0.240688
0.605448
0.000000
0.557510
0.337853
0.000000
0.329150
0.003890
0.000000
0.021939
0.157994
0.000000
0.725933
0.365061
0.000000
0.245570
0.607516
0.850000
0.149150
0.330684
0.399140
0.659793
0.000000
0.000000
0.850000
0.576764
0.850000
0.850000
0.531265
0.764020
0.850000
0.850000
0.323534
0.850000
0.385442
0.000000
0.850000
0.489655
0.000000
0.418322
0.566557
0.445157
0.000000
0.071827
0.307089
0.000000
0.120548
0.000000
0.531662
0.000000
0.130083
0.099408
0.850000
0.850000
0.000000
0.488052
0.070529
0.000000
0.149807
0.000000
0.306824
0.000000
0.850000
0.850000
0.074143
0.102155
0.000000
0.000000
0.037363
0.499518
0.194293
0.364344
0.134467
0.505267
0.256425
0.000000
0.000000
0.000000
0.128355
0.000000
0.291744
0.000000
0.164032
0.000000
0.400033
0.338946
0.656117
0.352949
0.126316
0.850000
0.000000
0.136985
0.298335
0.489636
0.850000
0.850000
0.228189
0.318172
0.212962
0.268450
0.227373
0.850000
0.021086
0.000000
0.850000
0.843898
0.254706
0.850000
0.850000
0.515785
0.797447
0.237130
0.338746
0.000000
0.000000
0.000000
0.291884
0.000000
0.453824
0.679384
0.445446
0.177774
0.000000
0.429697
0.000000
0.469855
0.000000
0.000000
0.000000
0.000000
0.238329
0.850000
0.527081
0.189009
0.600523
0.000000
0.000000
0.000000
0.433975
0.850000
0.555846
0.850000
0.850000
0.850000
0.000000
0.000000
0.800228
0.000000
0.079165
0.231754
0.000000
0.588804
0.000000
0.850000
0.850000
0.000000
0.702801
0.850000
0.027678
0.014432
0.757133
0.520778
0.850000
0.149860
0.155257
0.850000
0.708956
0.453316
0.660657
0.216422
0.403131
0.002369
0.500253
0.151872
0.000000
0.000000
0.000000
0.128858
0.234516
0.128867
0.000000
0.022162
0.850000
0.564669
0.258645
0.850000
0.000000
0.333816
0.792490
0.850000
0.000000
0.000000
0.220505
0.000000
0.000000
0.361570
0.421656
0.606724
0.510718
0.292900
0.846343
0.000000
0.750481
0.850000
0.850000
0.259747
0.000000
0.715312
0.000000
0.044070
0.109363
0.359512
0.850000
0.513103
0.850000
0.000000
0.164964
0.102427
0.000000
0.427882
0.662758
0.032760
0.064804
0.476270
0.483126
0.000000
0.138227
0.524919
0.520364
0.850000
0.097283
0.850000
0.850000
0.850000
0.850000
0.850000
0.277283
0.282764
0.583647
0.816997
0.086192
0.000000
0.000000
0.000000
0.000000
0.000000
0.000000
0.029474
0.000000
0.366286
0.850000
0.219161
0.850000
0.850000
0.850000
0.674410
0.850000
0.014933
0.000000
0.000000
0.227951
0.130124
0.000000
0.158584
0.260797
0.388952
0.659094
0.560440
0.551010
0.000000
0.000000
0.147874
0.709623
0.510525
0.739448
0.622269
0.465709
0.850000
0.383100
0.330770
0.850000
0.278361
0.022292
0.019290
0.028542
0.730221
0.850000
0.240322
0.850000
0.591661
0.850000
0.196799
0.253678
0.058509
0.543330
0.850000
0.821049
0.311311
0.127262
0.469274
0.000000
0.292341
0.395165
0.309852
0.778303
0.850000
0.850000
0.000000
0.741591
0.097441
0.850000
0.490654
0.000000
0.097232
0.000000
0.087942
0.000000
0.823750
0.850000
0.478904
0.473615
0.000000
0.602444
0.311499
0.007701
0.183551
0.284149
0.850000
0.000000
0.000000
0.000000
0.072939
0.000000
0.063632
0.289370
0.190720
0.387483
0.147927
0.000000
0.324147
0.850000
0.631342
0.111183
0.352478
0.000000
0.187634
0.000000
0.273048
0.161495
0.000000
0.000000
0.264555
0.277042
0.000000
0.697249
0.537211
0.000000
0.000000
0.000000
0.284206
0.114255
0.726070
0.370131
0.000000
0.419605
0.061268
0.105530
0.000000
0.573230
0.850000
0.850000
0.850000
0.537071
0.427542
0.279276
0.850000
0.000000
0.000000
0.850000
0.648008
0.000000
0.000000
0.000000
0.000000
0.000000
0.850000
0.576569
0.433652
0.004728
0.850000
0.376361
0.628068
0.189006
0.000000
0.449348
0.850000
0.000000
0.704630
0.434680
0.215102
0.850000
0.850000
0.280769
0.042365
0.055461
0.150657
0.000000
0.850000
0.850000
0.000000
0.461393
0.414359
0.066456
0.582207
0.000000
0.154034
0.653476
0.000000
0.296720
0.256158
0.194527
0.000000
0.372447
0.397245
0.498962
0.000000
0.850000
0.850000
0.206520
0.182242
0.000000
0.000000
0.000000
0.677918
0.436488
0.000000
0.043757
0.007867
0.420209
0.037526
0.176608
0.850000
0.000000
0.263842
0.755404
0.801424
0.083881
0.000000
0.546641
0.239756
0.533393
0.224797
0.850000
0.419791
0.560825
0.000000
0.000000
0.101512
0.291761
0.512834
0.390697
0.590356
0.000000
0.000000
0.050880
0.850000
0.850000
0.850000
0.682417
0.718807
0.374180
0.325727
0.049530
0.352044
0.850000
0.209837
0.429107
0.850000
0.674680
0.850000
0.735238
0.268688
0.081598
0.453891
0.132101
0.204787
0.334401
0.850000
0.606462
0.850000
0.850000
0.850000
0.212397
0.046135
0.306318
0.191691
0.297558
0.000000
0.000000
0.069273
0.000000
0.850000
0.850000
0.436368
0.000000
0.000000
0.011608
0.101298
0.000000
0.000000
0.078457
0.308995
0.356618
0.149323
0.000000
0.395336
0.021864
0.000000
0.302134
0.703819
0.494627
0.456332
0.850000
0.753387
0.000000
0.608549
0.822084
0.850000
0.117565
0.850000
0.170012
0.850000
0.556903
0.564304
0.495342
0.850000
0.052984
0.819850
0.410924
0.092232
0.850000
0.000154
0.040187
0.112158
0.850000
0.145117
0.000000
0.850000
0.687899
0.000000
0.068849
0.000000
0.345956
0.850000
0.850000
0.000000
0.028593
0.000000
0.705145
0.234874
0.762224
0.167280
0.850000
0.404431
0.113776
0.000000
0.174511
0.081057
0.850000
0.444577
0.847540
0.683024
0.553037
0.215187
0.495917
0.000000
0.267574
0.311990
0.328644
0.573548
0.694305
0.000000
0.753474
0.195665
0.264377
0.001237
0.194736
0.381997
0.003378
0.426449
0.000000
0.000000
0.000000
0.850000
0.158673
0.222272
0.409051
0.002017
0.000000
0.000000
0.133547
0.012923
0.000000
0.850000
0.521002
0.000000
0.850000
0.704009
0.000000
0.850000
0.850000
0.850000
0.850000
0.850000
0.000000
0.099384
0.238081
0.254699
0.448251
0.000000
0.553543
0.184115
0.000000
0.000000
0.352865
0.000000
0.725411
0.000000
0.850000
0.850000
0.850000
0.850000
0.041142
0.353857
0.850000
0.615947
0.505965
0.273898
0.355352
0.850000
0.850000
0.282625
0.850000
0.341331
0.000000
0.773051
0.550704
0.214556
0.000000
0.228374
0.850000
0.850000
0.588127
0.083163
0.000000
0.000000
0.000000
0.242248
0.179979
0.850000
0.850000
0.362256
0.794727
0.399771
0.181912
0.670419
0.000000
0.001418
0.077747
0.000000
0.653663
0.228639
0.178691
0.000000
0.304491
0.734552
0.850000
0.450453
0.582015
0.117131
0.850000
0.424889
0.291891
0.850000
0.000000
0.000000
0.483704
0.000000
0.000000
0.000000
0.020788
0.000000
0.000000
0.384595
0.000000
0.264562
0.055221
0.850000
0.850000
0.089415
0.803607
0.850000
0.850000
0.254047
0.074405
0.421813
0.650842
0.000000
0.000000
0.850000
0.000000
0.000000
0.850000
0.000000
0.000000
0.665881
0.006283
0.850000
0.850000
0.613157
0.000000
0.000000
0.618720
0.000000
0.850000
0.850000
0.000000
0.850000
0.000000
0.000000
0.850000
0.200220
0.850000
0.000000
0.000000
0.165597
0.850000
0.000000
0.000000
0.625030
0.193385
0.776399
0.000000
0.000000
0.040617
0.569903
0.850000
0.850000
0.000000
0.850000
0.000000
0.850000
0.000000
0.085460
0.020605
0.850000
0.850000
0.828866
0.850000
0.697914
0.302763
0.078490
0.000000
0.000000
0.000000
0.850000
0.217616
0.850000
0.615369
0.000000
0.000000
0.541657
0.850000
0.804426
0.850000
0.850000
0.199748
0.813654
0.197418
0.244506
0.850000
0.000000
0.848423
0.000000
0.850000
0.850000
0.850000
0.000000
0.046378
0.000000
0.000000
0.000000
0.000000
0.000000
0.000000
0.000000
0.000000
0.000000
0.000000
0.000000
0.000000
0.000000
0.000000
0.000000
0.000000
0.000000
0.000000
0.000000
0.000000
0.000000
0.000000
0.000000
0.000000
0.000000
0.000000
0.000000
0.000000
0.000000
0.000000
0.000000
0.000000
0.000000
0.000000
0.000000
0.000000
0.000000
0.000000
0.000000
0.000000
0.000000
