0.000000
0.000000
0.000000
0.162093
0.352494
0.227986
0.850000
0.850000
0.000000
0.074146
0.069824
0.000000
0.160452
0.726131
0.000000
0.587569
0.481022
0.000000
0.000000
0.000000
0.149923
0.025064
0.438161
0.480122
0.018481
0.009633
0.464313
0.502902
0.369260
0.238400
0.807635
0.850000
0.092498
0.000000
0.145387
0.850000
0.185540
0.000000
0.000000
0.472231
0.052030
0.279508
0.850000
0.850000
0.164017
0.850000
0.236372
0.000000
0.000000
0.000000
0.068872
0.000000
0.850000
0.000000
0.850000
0.850000
0.104551
0.081163
0.343954
0.306345
0.172367
0.629686
0.850000
0.000000
0.164050
0.000000
0.000000
0.023447
0.639855
0.190128
0.850000
0.000000
0.000000
0.059612
0.000000
0.010718
0.850000
0.383799
0.000000
0.122756
0.850000
0.000000
0.113590
0.000000
0.000000
0.126266
0.000000
0.291769
0.850000
0.525094
0.000000
0.000000
0.340430
0.850000
0.850000
0.728756
0.158767
0.551692
0.477588
0.850000
0.033701
0.850000
0.149992
0.308309
0.000000
0.504595
0.850000
0.850000
0.627975
0.000000
0.200877
0.496841
0.706758
0.383224
0.000000
0.850000
0.546002
0.644041
0.000000
0.338659
0.611027
0.000000
0.000000
0.273051
0.781286
0.000000
0.018693
0.379403
0.425734
0.850000
0.360312
0.850000
0.423255
0.514921
0.571712
0.527161
0.670032
0.850000
0.000000
0.118657
0.000000
0.188790
0.000000
0.494330
0.454764
0.449598
0.000000
0.000000
0.850000
0.850000
0.084494
0.411724
0.163355
0.000000
0.000000
0.052994
0.466319
0.850000
0.466441
0.850000
0.850000
0.332051
0.052897
0.481143
0.277608
0.247102
0.605942
0.199267
0.485980
0.850000
0.000000
0.850000
0.611858
0.850000
0.850000
0.752428
0.850000
0.365856
0.694478
0.850000
0.108714
0.137385
0.513828
0.000000
0.563188
0.000000
0.023164
0.000000
0.506656
0.126568
0.135559
0.519226
0.850000
0.209145
0.069849
0.080602
0.000000
0.850000
0.067179
0.801890
0.850000
0.850000
0.403998
0.208005
0.552646
0.445101
0.000000
0.467782
0.000000
0.525395
0.678630
0.850000
0.834215
0.850000
0.850000
0.468567
0.030056
0.850000
0.000000
0.850000
0.187028
0.264490
0.850000
0.000000
0.528868
0.452369
0.850000
0.036930
0.850000
0.799484
0.599660
0.502191
0.850000
0.045002
0.850000
0.850000
0.850000
0.578440
0.101632
0.000000
0.030009
0.850000
0.561981
0.000000
0.327598
0.656388
0.116650
0.000000
0.375325
0.173066
0.000000
0.000000
0.000000
0.000000
0.147211
0.850000
0.848632
0.626109
0.680311
0.212219
0.018040
0.130296
0.056371
0.000000
0.000000
0.196208
0.172197
0.000000
0.000000
0.314985
0.761304
0.850000
0.093388
0.390669
0.708671
0.850000
0.210402
0.000000
0.000000
0.097556
0.082019
0.850000
0.000000
0.850000
0.850000
0.850000
0.850000
0.850000
0.850000
0.850000
0.359199
0.808346
0.571735
0.315323
0.000000
0.091127
0.110725
0.850000
0.137123
0.119110
0.065396
0.000000
0.601238
0.850000
0.654569
0.850000
0.000000
0.850000
0.048898
0.000000
0.480861
0.644446
0.436483
0.038340
0.296812
0.494652
0.000000
0.000000
0.200716
0.161495
0.000000
0.000000
0.151657
0.477275
0.066017
0.000000
0.000000
0.584077
0.000000
0.850000
0.000000
0.000000
0.281711
0.850000
0.738641
0.000000
0.109052
0.000000
0.068164
0.164110
0.217292
0.000000
0.061505
0.850000
0.000000
0.201541
0.829645
0.119182
0.293985
0.450304
0.821709
0.326393
0.576050
0.165630
0.000000
0.304620
0.000000
0.450842
0.000000
0.404925
0.000000
0.000000
0.667815
0.790003
0.000000
0.599681
0.000000
0.000000
0.047835
0.399849
0.000000
0.409698
0.000000
0.304377
0.850000
0.850000
0.850000
0.850000
0.501297
0.000000
0.391686
0.000000
0.275232
0.850000
0.850000
0.000000
0.455352
0.687841
0.673038
0.288582
0.850000
0.850000
0.034113
0.171769
0.285352
0.254596
0.850000
0.617673
0.126676
0.720816
0.850000
0.714198
0.608447
0.000000
0.646667
0.850000
0.000000
0.201440
0.441418
0.773030
0.000000
0.049792
0.560962
0.575781
0.000000
0.000000
0.850000
0.000000
0.375953
0.850000
0.216927
0.850000
0.833668
0.547690
0.850000
0.850000
0.850000
0.658410
0.461866
0.491552
0.425516
0.047069
0.000000
0.167189
0.000000
0.644315
0.354859
0.575408
0.262533
0.511528
0.000000
0.850000
0.000000
0.552725
0.850000
0.000000
0.000000
0.000000
0.000000
0.000000
0.523063
0.057275
0.850000
0.850000
0.850000
0.170129
0.848048
0.000000
0.581725
0.191621
0.000000
0.850000
0.535686
0.850000
0.847908
0.288485
0.000000
0.064249
0.076124
0.377136
0.000000
0.172415
0.850000
0.116712
0.415142
0.337286
0.850000
0.850000
0.000000
0.850000
0.000000
0.000000
0.000000
0.329735
0.000000
0.125746
0.192753
0.092346
0.000000
0.369150
0.299779
0.000000
0.000000
0.000000
0.636818
0.850000
0.000000
0.284991
0.077435
0.073909
0.098692
0.392475
0.453057
0.000000
0.850000
0.317652
0.000000
0.539844
0.052863
0.000000
0.566833
0.000000
0.765343
0.335874
0.850000
0.850000
0.397298
0.850000
0.000000
0.000000
0.782341
0.573014
0.457710
0.000000
0.211761
0.233649
0.000000
0.000000
0.118069
0.000000
0.017205
0.000000
0.392744
0.000000
0.079922
0.000000
0.361685
0.502293
0.850000
0.350056
0.735858
0.572448
0.357216
0.000000
0.397533
0.432315
0.415635
0.593643
0.635086
0.000000
0.000000
0.499692
0.527042
0.433515
0.850000
0.850000
0.301446
0.000000
0.850000
0.246258
0.000000
0.000000
0.358978
0.000000
0.105077
0.000000
0.054820
0.040461
0.850000
0.145530
0.850000
0.000000
0.243313
0.723063
0.271083
0.044872
0.850000
0.000000
0.362504
0.000000
0.000000
0.240767
0.007457
0.000000
0.790969
0.000000
0.795012
0.850000
0.362514
0.601841
0.601112
0.183131
0.850000
0.850000
0.850000
0.353925
0.039069
0.055319
0.850000
0.000000
0.469647
0.237310
0.166782
0.434435
0.000249
0.574960
0.000000
0.332813
0.000000
0.850000
0.000000
0.347268
0.000000
0.850000
0.468652
0.546418
0.000000
0.000000
0.000000
0.258758
0.000000
0.850000
0.571956
0.000000
0.850000
0.000000
0.134215
0.759166
0.210930
0.072182
0.850000
0.570889
0.000000
0.360351
0.000000
0.000000
0.081060
0.000000
0.000000
0.000000
0.447479
0.558395
0.000000
0.278724
0.547986
0.000000
0.000000
0.756331
0.000000
0.000000
0.426994
0.321917
0.850000
0.001440
0.079102
0.088008
0.748889
0.000000
0.836373
0.850000
0.041729
0.000000
0.000000
0.424285
0.000000
0.354238
0.000000
0.790361
0.817647
0.000000
0.358033
0.268005
0.000000
0.303148
0.850000
0.793674
0.381140
0.850000
0.390841
0.850000
0.768076
0.586378
0.850000
0.850000
0.842227
0.660093
0.850000
0.057909
0.125486
0.094787
0.082705
0.700287
0.377366
0.317827
0.555344
0.850000
0.727633
0.750618
0.850000
0.850000
0.208269
0.000000
0.226700
0.105528
0.083156
0.494426
0.000000
0.424855
0.806395
0.101680
0.513181
0.179916
0.287655
0.568931
0.000000
0.000000
0.850000
0.850000
0.102987
0.100850
0.000000
0.189684
0.000000
0.471655
0.000000
0.427397
0.850000
0.000000
0.382058
0.000000
0.000000
0.748486
0.455898
0.550202
0.692559
0.471242
0.465266
0.000000
0.850000
0.000000
0.850000
0.133799
0.792998
0.000000
0.000000
0.044447
0.000000
0.662900
0.188474
0.000000
0.648291
0.000000
0.000000
0.000000
0.000000
0.000000
0.361909
0.443797
0.000000
0.000000
0.000000
0.000000
0.271282
0.260046
0.000000
0.438698
0.642090
0.000000
0.000000
0.093149
0.261360
0.000000
0.000000
0.275361
0.000000
0.850000
0.850000
0.000000
0.470344
0.085149
0.000000
0.321363
0.592756
0.850000
0.850000
0.850000
0.850000
0.181408
0.850000
0.000000
0.000000
0.000000
0.356405
0.000000
0.369366
0.214576
0.000000
0.000000
0.000000
0.850000
0.055304
0.012140
0.252259
0.259685
0.201519
0.386046
0.544201
0.000000
0.000000
0.000000
0.268437
0.336304
0.191416
0.000000
0.458412
0.000000
0.600974
0.710026
0.191768
0.850000
0.000000
0.283710
0.338038
0.214500
0.000000
0.850000
0.744410
0.575818
0.516917
0.850000
0.850000
0.000000
0.008462
0.044567
0.173712
0.274415
0.105526
0.133819
0.082298
0.000000
0.108689
0.000000
0.000000
0.000000
0.236307
0.005032
0.359066
0.850000
0.758806
0.222780
0.296276
0.000000
0.000000
0.000000
0.732572
0.717775
0.850000
0.138981
0.181434
0.000000
0.682862
0.000000
0.260017
0.672212
0.850000
0.076074
0.184403
0.132569
0.304004
0.179470
0.000000
0.573202
0.000000
0.000000
0.346804
0.000000
0.181162
0.409358
0.000000
0.083043
0.769368
0.000000
0.228130
0.408081
0.000000
0.555611
0.460848
0.233083
0.511532
0.219149
0.206533
0.117625
0.000000
0.000000
0.449122
0.184026
0.850000
0.000000
0.000000
0.000000
0.385338
0.344263
0.511526
0.000000
0.815171
0.156690
0.469823
0.286001
0.288441
0.518976
0.056019
0.000000
0.000000
0.000000
0.850000
0.850000
0.000000
0.850000
0.000000
0.350288
0.850000
0.850000
0.636460
0.850000
0.162403
0.850000
0.507471
0.850000
0.126287
0.000000
0.138404
0.467216
0.000000
0.850000
0.336803
0.000000
0.000000
0.000000
0.000000
0.850000
0.000000
0.000000
0.850000
0.850000
0.207743
0.652553
0.850000
0.249282
0.025738
0.000000
0.850000
0.023258
0.135457
0.382575
0.850000
0.028137
0.226104
0.097460
0.000000
0.850000
0.850000
0.000000
0.000000
0.850000
0.850000
0.000000
0.373082
0.850000
0.462510
0.850000
0.000000
0.000000
0.000000
0.850000
0.349532
0.000000
0.850000
0.382019
0.000000
0.850000
0.850000
0.453303
0.850000
0.419692
0.413500
0.507572
0.000000
0.850000
0.113503
0.103937
0.000000
0.850000
0.850000
0.000000
0.850000
0.850000
0.000000
0.850000
0.850000
0.000000
0.604339
0.000000
0.850000
0.001958
0.850000
0.850000
0.850000
0.031185
0.000000
0.000000
0.000000
0.003530
0.296262
0.514990
0.000000
0.000000
0.218542
0.000000
0.532104
0.361840
0.850000
0.000000
0.850000
0.000000
0.694114
0.850000
0.119255
0.117432
0.564692
0.042901
0.850000
0.850000
0.850000
0.156469
0.850000
0.000000
0.390036
0.609470
0.175260
0.761868
0.000000
0.000000
0.000000
0.638969
0.850000
0.061314
0.255914
0.000000
0.453423
0.565576
0.261247
0.000000
0.850000
0.272695
0.318669
0.850000
0.759835
0.133217
0.238056
0.850000
0.534777
0.000000
0.618425
0.277100
0.000000
0.000000
0.850000
0.000000
0.294470
0.000000
0.042756
0.584738
0.693739
0.255382
0.408607
0.703903
0.000000
0.850000
0.850000
0.740709
0.000000
0.000000
0.000000
0.000000
0.247042
0.150088
0.000000
0.238955
0.850000
0.105551
0.850000
0.547526
0.474374
0.069964
0.000000
0.733409
0.226709
0.515882
0.095868
0.000000
0.000000
0.162789
0.240616
0.000000
0.850000
0.000000
0.000000
0.000000
0.000000
0.351078
0.452776
0.038085
0.000000
0.607653
0.626760
0.228583
0.000000
0.601671
0.850000
0.850000
0.000000
0.850000
0.720133
0.850000
0.850000
0.850000
0.103872
0.400357
0.466496
0.850000
0.348164
0.804981
0.088064
0.850000
0.000000
0.000000
0.850000
0.000000
0.000000
0.735999
0.850000
0.850000
0.850000
0.850000
0.850000
0.099065
0.525535
0.005607
0.000000
0.298638
0.375272
0.000000
0.000000
0.303813
0.000000
0.548762
0.850000
0.691964
0.000000
0.417481
0.085532
0.000000
0.000000
0.023295
0.000000
0.056652
0.316081
0.000000
0.000000
0.005700
0.850000
0.118533
0.123129
0.009499
0.170028
0.220984
0.850000
0.433253
0.248206
0.258540
0.850000
0.000000
0.118160
0.000000
0.850000
0.850000
0.000000
0.000000
0.000000
0.479480
0.000000
0.184063
0.257010
0.050390
0.230870
0.850000
0.792936
0.037736
0.850000
0.850000
0.850000
0.000000
0.730953
0.850000
0.000000
0.000000
0.234527
0.000000
0.526326
0.000000
0.459571
0.159742
0.570804
0.000000
0.041239
0.262689
0.310478
0.850000
0.317287
0.000000
0.000000
0.743913
0.000000
0.000000
0.000000
0.081297
0.546055
0.850000
0.702024
0.029487
0.850000
0.000000
0.232694
0.000000
0.104765
0.186858
0.000000
0.290589
0.000000
0.000000
0.000000
0.685150
0.117418
0.314977
0.850000
0.123709
0.229734
0.000000
0.000000
0.027583
0.000000
0.312096
0.767811
0.693925
0.000000
0.000000
0.000000
0.000000
0.850000
0.850000
0.850000
0.850000
0.180176
0.000000
0.000000
0.850000
0.000000
0.814938
0.193937
0.573126
0.195414
0.000000
0.000000
0.064969
0.660629
0.850000
0.000000
0.505402
0.026906
0.653161
0.202721
0.050216
0.000000
0.533813
0.469146
0.850000
0.404069
0.048288
0.164814
0.192222
0.690754
0.850000
0.379750
0.000000
0.000000
0.316445
0.365325
0.452233
0.850000
0.000000
0.850000
0.461657
0.850000
0.629060
0.259232
0.204099
0.208780
0.103230
0.382297
0.000000
0.000000
0.188465
0.194519
0.087305
0.000000
0.257802
0.000000
0.535631
0.000000
0.363638
0.000000
0.308997
0.507827
0.775399
0.038513
0.000000
0.000000
0.000000
0.000000
0.000000
0.023440
0.850000
0.179833
0.850000
0.850000
0.686476
0.146629
0.100563
0.456127
0.000000
0.626371
0.000000
0.850000
0.683361
0.000000
0.000000
0.000000
0.174069
0.142751
0.302814
0.000000
0.401516
0.097711
0.000000
0.000000
0.850000
0.850000
0.850000
0.850000
0.850000
0.120808
0.274733
0.000000
0.078061
0.850000
0.275646
0.380461
0.850000
0.451152
0.850000
0.805653
0.062194
0.000000
0.850000
0.490617
0.186043
0.000000
0.614747
0.182158
0.156662
0.850000
0.823336
0.503930
0.364551
0.000000
0.320700
0.073987
0.185305
0.000000
0.000000
0.479418
0.850000
0.850000
0.518601
0.000000
0.850000
0.204334
0.386692
0.000000
0.128557
0.000000
0.198121
0.000000
0.000000
0.207391
0.420619
0.154343
0.216225
0.000000
0.685450
0.339191
0.000000
0.850000
0.519274
0.029144
0.266763
0.487078
0.766445
0.348389
0.850000
0.078443
0.850000
0.165225
0.515691
0.843094
0.850000
0.000000
0.641600
0.600822
0.850000
0.850000
0.000000
0.158973
0.850000
0.727141
0.161402
0.850000
0.850000
0.755198
0.000000
0.332667
0.359086
0.429249
0.850000
0.850000
0.000000
0.642008
0.000000
0.325577
0.184891
0.000000
0.201121
0.663916
0.541622
0.486293
0.000000
0.349647
0.000000
0.850000
0.164724
0.435634
0.575588
0.850000
0.324558
0.850000
0.000000
0.265342
0.337542
0.000000
0.000000
0.000000
0.000000
0.850000
0.000000
0.000000
0.659852
0.729160
0.492869
0.000000
0.491266
0.023013
0.000000
0.000000
0.850000
0.075593
0.773730
0.482330
0.850000
0.000000
0.029706
0.443155
0.277040
0.000000
0.418562
0.000000
0.000000
0.850000
0.000000
0.199639
0.745836
0.422250
0.741185
0.850000
0.812505
0.850000
0.000000
0.850000
0.803927
0.000000
0.850000
0.183874
0.000000
0.850000
0.376436
0.000000
0.000000
0.199358
0.000000
0.850000
0.850000
0.657520
0.222903
0.000000
0.141755
0.850000
0.413962
0.850000
0.634525
0.171537
0.440919
0.405675
0.611154
0.051341
0.850000
0.017955
0.546974
0.000000
0.244647
0.850000
0.000000
0.850000
0.150229
0.850000
0.000000
0.850000
0.503592
0.000000
0.277624
0.415871
0.390174
0.850000
0.019302
0.434750
0.256914
0.000000
0.000000
0.000000
0.227282
0.769309
0.000000
0.850000
0.046276
0.772752
0.000000
0.850000
0.000000
0.000000
0.046313
0.850000
0.850000
0.785267
0.803658
0.850000
0.850000
0.357106
0.000000
0.392401
0.302518
0.137677
0.000000
0.000000
0.010274
0.850000
0.713764
0.580328
0.643431
0.623837
0.000000
0.842827
0.494976
0.633014
0.850000
0.850000
0.056479
0.000000
0.694556
0.314678
0.844209
0.431885
0.850000
0.000000
0.143425
0.208426
0.850000
0.420168
0.000000
0.850000
0.850000
0.000000
0.850000
0.000000
0.850000
0.000000
0.850000
0.850000
0.563829
0.850000
0.850000
0.000000
0.579125
0.850000
0.000000
0.000000
0.000000
0.000000
0.000000
0.000000
0.000000
0.000000
0.000000
0.000000
0.000000
0.000000
0.000000
0.000000
0.000000
0.000000
0.000000
0.000000
0.000000
0.000000
0.000000
0.000000
0.000000
0.000000
0.000000
0.000000
0.000000
0.000000
0.000000
0.000000
0.000000
0.000000
0.000000
0.000000
0.000000
0.000000
0.000000
0.000000
0.000000
0.000000
0.000000
0.000000
0.000000
0.000000
0.000000
0.000000
0.000000
0.000000
0.000000
0.000000
0.000000
0.000000
0.000000
0.000000
0.000000
0.000000
0.000000
0.000000
0.000000
0.000000
0.000000
0.000000
0.000000
0.000000
0.000000
0.000000
0.000000
0.000000
0.000000
0.000000
0.000000
0.000000
0.000000
0.000000
0.000000
0.000000
0.000000
0.000000
0.000000
0.000000
0.000000
0.000000
0.000000
0.000000
0.000000
0.000000
0.000000
0.000000
0.000000
0.000000
0.000000
0.000000
0.000000
0.000000
0.000000
0.000000
0.000000
0.000000
0.000000
