1	0.0953330842916
2	0.123720578775
3	0.128392443255
4	0.103452302322
5	0.102378025511
6	0.0340768293854
7	0.0
8	0.0205394041009
9	0.0172927001746
10	0.0576915268496
11	0.0678530798767
12	0.0706762361149
13	0.0651127866688
14	0.0471852750066
15	0.14507776142
16	0.105418088743
17	0.169022429886
18	0.134557654274
19	0.214273385442
20	0.275751473642
21	0.355839535965
22	0.178296712515
23	0.0
24	0.122982861756
25	0.12299143831
26	0.028161372678
27	0.0283738108388
28	0.125249952599
29	0.0986429404738
30	0.149527741409
31	0.146751993141
32	0.129597020522
33	0.450374251991
34	0.450364678222
35	0.0164098113928
36	0.283294304087
37	0.265730979441
38	0.0528165854274
39	0.0898173181617
40	0.0855411845407
41	0.0855450605331
42	0.122439074134
43	0.00554854349076
44	0.0
45	0.119313934334
46	0.0022630194752
47	0.0017018435408
48	0.00169376724315
49	0.00315817793822
50	0.358032092898
51	0.115492033485
52	0.0178595555731
53	0.0688302377443
54	0.041530504398
55	0.0
56	0.0
57	0.0
58	0.0298581771684
59	0.0593900599711
60	0.0968594402483
61	0.151437788739
62	0.0
63	0.0
64	6.62963414298e-05
65	4.3256520584e-05
66	4.3509448036e-05
67	0.00391936321766
68	0.0
69	0.0
70	0.0
71	0.0
72	0.00391936321766
73	4.3509448036e-05
74	4.3256520584e-05
75	6.62963414298e-05
76	0.0
77	0.0
78	0.0576046538129
79	0.04684933167
80	0.159744972489
81	0.00315817793822
82	0.00169376724315
83	0.0017018435408
84	0.0022630194752
85	0.180534239531
86	0.0375244333315
87	0.0375447631793
88	0.04209466277
89	0.0
90	0.110917647174
91	0.176896069331
92	0.0712491730936
93	0.0595041432127
94	0.00640838907934
95	0.0
96	0.0
97	0.0
98	0.0
99	0.0635126276594
100	0.230631601644
101	0.243822900834
102	0.241295140431
103	0.239456417236
104	0.136099271953
105	0.312413250264
106	0.0656645364345
107	0.0458389027023
108	0.0127192464178
109	0.0186202503555
110	0.0183305355779
111	0.0183120220601
112	0.00508034804563
113	0.00592963698676
114	0.131945264661
115	0.057596356444
116	0.0547671318262
117	0.0
118	0.0892159383637
119	0.0743537347196
120	0.00276119928137
121	0.00243488286136
122	0.00219665038873
123	0.00220017430115
124	0.119602727327
125	0.170036499529
126	0.166010514737
127	0.1685341112
128	0.131104703729
129	0.167984344321
130	0.0535798358034
131	0.0492291746608
132	0.134691430644
133	0.00871153806743
134	0.00686676782454
135	0.0101618774447
136	0.0
137	0.0834330757135
138	0.0177170951962
139	0.0297823383671
140	0.0339481876929
141	0.0218421400352
142	0.16680012141
143	0.130557737434
144	0.0
145	0.0167061284896
146	0.0109929316904
147	0.0110707005002
148	0.0
149	0.0
150	0.0
151	0.0176904488246
152	0.00135202122804
153	0.00110172926809
154	0.00110182796539
155	0.00251565634429
156	0.0751411607387
157	0.133893885901
158	0.0676173407746
159	0.0846246749363
160	0.0
161	0.0268585074326
162	0.0313974259201
163	0.0127896535554
164	0.0112599218384
165	0.0117427047896
166	0.0222505950041
167	0.067831344555
168	0.158542240626
169	0.0367545573746
170	0.0
171	0.0
172	0.0
173	0.14303005049
174	0.177525176212
175	0.129281582664
176	0.067831344555
177	0.0
178	0.0
179	0.0
180	0.0292606579613
181	0.140770618837
182	0.14303005049
183	0.0
184	0.0
185	0.00177701178154
186	0.00161436316389
187	0.0019993830217
188	0.0255060897526
189	0.0
190	0.0
191	0.0
192	0.0
193	0.0255060897526
194	0.0019993830217
195	0.00161436316389
196	0.00177701178154
197	0.0
198	0.0
199	0.0
200	0.0
201	0.0289028713561
202	0.0436549689284
203	0.0595519093006
204	0.0935311432399
205	0.0335370855676
206	0.0253204863567
207	0.0644794520704
208	0.0578486645398
209	0.0570913462445
210	0.0381355963045
211	0.0
212	0.0
213	0.0200331930195
214	0.0253204863567
215	0.0
216	0.0982001515755
217	0.0950189329496
218	0.10162218678
219	0.0948548996906
220	0.0
221	0.0557876805717
222	0.0452092927586
223	0.0112599218384
224	0.0127896535554
225	0.0313974259201
226	0.0
227	0.0268585074326
228	0.0
229	0.0
230	0.0
231	0.0
232	0.00257494271018
233	0.00235229347406
234	0.0239981224059
235	0.0
236	0.0
237	0.0
238	0.0
239	0.0239981224059
240	0.00235229347406
241	0.00257494271018
242	0.0
243	0.0846246749363
244	0.0676173407746
245	0.20903504664
246	0.00251565634429
247	0.00110182796539
248	0.00110172926809
249	0.00135202122804
250	0.0176904488246
251	0.0
252	0.0217788089365
253	0.0329128405354
254	0.0328164729867
255	0.0382770432341
256	0.130557737434
257	0.145021312473
258	0.0
259	0.0121246463966
260	0.00821142362263
261	0.0177170951962
262	0.0834330757135
263	0.0
264	0.0101618774447
265	0.00686676782454
266	0.00871153806743
267	0.100980609189
268	0.0
269	0.164060124819
270	0.18033387839
271	0.165965665805
272	0.149250035584
273	0.166845801156
274	0.136841714173
275	0.0593389795716
276	0.0
277	0.0371565332642
278	0.00220017430115
279	0.00219665038873
280	0.00243488286136
281	0.00276119928137
282	0.0
283	0.117517145646
284	0.0892159383637
285	0.0387463728629
286	0.0
287	0.0253462410139
288	0.0213691345609
289	0.0
290	0.0819097837889
291	0.0
292	0.0
293	0.0138002534112
294	0.0155565176434
295	0.0149904155746
296	0.022109553967
297	0.0737261034264
298	0.0842199313249
299	0.0989814417159
300	0.0
301	0.0
302	0.0
303	0.0
304	0.0
305	0.0
306	0.0056784977739
307	0.0140214873411
308	0.105504474098
309	0.123544997182
310	0.0596983633291
311	0.0199822602898
312	0.0205594743451
313	0.0287802705719
314	0.0444233726536
315	0.183159885377
316	0.00592963698676
317	0.0201176785263
318	0.020072908165
319	0.0200728983975
320	0.0205032246716
321	0.0150390976484
322	0.0484502310216
323	0.0681415022176
324	0.190773657841
325	0.384165896328
326	0.328062534236
327	0.468353062406
328	0.467977586081
329	0.453233628323
330	0.30164327907
331	0.431873762114
332	0.432264181516
333	0.159050191061
334	0.138263947635
335	0.0125915237356
336	0.00541207503865
337	0.0117372109832
338	0.0117698514697
339	0.00561880239406
340	0.0304133510105
341	0.220399745718
342	0.370164396685
343	0.0783516023699
344	0.0488113196653
345	0.0487570369154
346	0.0707489459581
347	0.0
348	0.0
349	0.0943989577403
350	0.0734643473383
351	0.0
352	0.0
353	0.115937957282
354	0.122327077077
355	0.194586911031
356	0.194858219132
357	0.182162158793
358	0.0683061658052
359	0.00674385331856
360	0.127085517326
361	0.189536128561
362	0.187107790701
363	0.0745489936923
364	0.0
365	0.0381361034337
366	0.167218755474
367	0.218250903
368	0.130505906438
369	0.0878847855984
370	0.184459318459
371	0.226178761575
372	0.188017645667
373	0.161756445257
374	0.0634662517886
375	0.0811493196239
376	0.0
377	0.0
378	0.22856600473
379	0.257913675345
380	0.262234352296
381	0.212424170143
382	0.0879459805767
383	0.173693569243
384	0.1310460351
385	0.0
386	0.0249672856515
387	0.0236890557758
388	0.0381625810784
389	0.18316630792
390	0.17858887945
391	0.218407814765
392	0.114969465638
393	0.113773785
394	0.0811493196239
395	0.0634662517886
396	0.176308024646
397	0.178686926355
398	0.217573905
399	0.144250036401
400	0.110389413791
401	0.0
402	0.173003317658
403	0.173736370806
404	0.00627420623763
405	0.00662842322339
406	0.0114389258426
407	0.0796210517653
408	0.0661441425909
409	0.218491073255
410	0.15285046522
411	0.151980489939
412	0.0680771209672
413	0.102551011811
414	0.04033222933
415	0.0
416	0.102858632969
417	0.103644981047
418	0.103478124256
419	0.0
420	0.0
421	0.0
422	0.0
423	0.0
424	0.0
425	0.0
426	0.0
427	0.0
428	0.0924719188511
429	0.0945526421034
430	0.0354992141236
431	0.0242804215688
432	0.00561880239406
433	0.0053281685067
434	0.00532882190386
435	0.00541207503865
436	0.0125915237356
437	0.297314138696
438	0.309410624699
439	0.47114544876
440	0.42328435161
441	0.425365229357
442	0.265040685577
443	0.249433656853
444	0.227016220919
445	0.0
446	0.0488695065385
447	0.196787933408
448	0.282588241554
449	0.430581328827
450	0.484601084742
451	0.269337999064
452	0.21541928235
453	0.0237756067535
454	0.0
455	0.0
456	0.0747415169858
457	0.0667219671146
458	0.0667033544091
459	0.214493670122
460	0.227406451879
461	0.130031909128
462	0.0
463	0.0
464	0.0
465	0.0
466	0.0145181502392
467	0.0820155891996
468	0.081742711661
469	0.0817481825909
470	0.081742344097
471	0.0817609568025
472	0.0897788474664
473	0.0
474	0.0149873988334
475	0.255414873594
476	0.162499968175
477	0.0663918920944
478	0.0134659768543
479	0.0415039281804
480	0.0283738108388
481	0.186184608855
482	0.158451129045
483	0.195306314912
484	0.195706547763
485	0.187101926765
486	0.18464659752
487	0.170238368463
488	0.25131790517
489	0.246211135048
490	0.0800628072446
491	0.286999112172
492	0.29960299139
493	0.355432585981
494	0.225780771553
495	0.165477543086
496	0.214911553094
497	0.256783074601
498	0.368642599382
499	0.26225357546
500	0.261032627413
501	0.30929237126
502	0.233545031456
503	0.132848639771
504	0.102698182685
505	0.0428962735166
506	0.0907553591867
507	0.287675043565
508	0.213826655108
509	0.417404348717
510	0.429374563471
511	0.169879023481
512	0.263787929528
513	0.162980514002
514	0.10697294493
515	0.0205495824736
516	0.0
517	0.107093011223
518	0.158724709935
519	0.20590286327
520	0.274488922293
521	0.420479445183
522	0.288794663751
523	0.263012709396
524	0.406359422537
525	0.396814262783
526	0.221345977017
527	0.179249196349
528	0.41536894539
529	0.280588391941
530	0.280382168756
531	0.252663682461
532	0.252715006022
533	0.131615387277
534	0.194573624063
535	0.463011592743
536	0.514049295978
537	0.124561060323
538	0.302704398123
539	0.209770647908
540	0.120695207475
541	0.0960479348071
542	0.135691907161
543	0.0047985587239
544	0.0036433621755
545	0.0036426021973
546	0.00367251868249
547	0.00434522111263
548	0.0549348894503
549	0.0102231581523
550	0.0102243111329
551	0.0147613795142
552	0.00822258237793
553	0.00588172447499
554	0.0123910817088
555	0.0
556	0.0
557	0.0
558	0.0
559	0.0123910817088
560	0.00588172447499
561	0.00411271092674
562	0.00453969480678
563	0.0549348894503
564	0.00845509256381
565	0.0138942033899
566	0.0138669133302
567	0.0138665203278
568	0.0047985587239
569	0.162151890544
570	0.057428746069
571	0.354772164513
572	0.339864706449
573	0.205735761306
574	0.176145323483
575	0.304986785725
576	0.268031814574
577	0.13691160565
578	0.290106881073
579	0.395342408541
580	0.292320797179
581	0.203665632676
582	0.578782727155
583	0.534685146862
584	0.360872233241
585	0.253948232138
586	0.226562544065
587	0.0909805937621
588	0.0341886706293
589	0.293418947882
590	0.326584646833
591	0.401272930556
592	0.173516095751
593	0.15811759213
594	0.0
595	0.0
596	0.142885916759
597	0.321580816465
598	0.31835231573
599	0.275727063235
600	0.267320140599
601	0.268443480935
602	0.181413421839
603	0.184147308661
604	0.193059425286
605	0.259700923997
606	0.284487532187
607	0.296782249399
608	0.217726209168
609	0.284702026491
610	0.236528392258
611	0.0555185236919
612	0.252951981247
613	0.245883309376
614	0.16203342298
615	0.0649155244198
616	0.15403158257
617	0.162189240796
618	0.224175713612
619	0.213475689853
620	0.122636765108
621	0.0981246372762
622	0.0840331678667
623	0.0800313789317
624	0.0752879771441
625	0.0752632285435
626	0.0855278419355
627	0.0
628	0.0
629	0.154681561247
630	0.152339335968
631	0.0
632	0.0
633	0.11625532636
634	0.075384361901
635	0.198019779881
636	0.198025019854
637	0.198026570524
638	0.197952685307
639	0.189094792572
640	0.0757683543042
641	0.198713043475
642	0.299051453152
643	0.280413792424
644	0.298882558002
645	0.240858932171
646	0.24964637741
647	0.225981916114
648	0.248672554216
649	0.0239793553242
650	0.216378455341
651	0.207879346336
652	0.261995372105
653	0.287789467693
654	0.204864975571
655	0.106514595451
656	0.106386187649
657	0.0248357167284
658	0.175596296174
659	0.175885872598
660	0.157782814557
661	0.00257489824778
662	1.25371627596e-05
663	1.06497582428e-05
664	2.54048453264e-06
665	6.70301336445e-06
666	8.9838222195e-06
667	1.78045431085e-05
668	0.00423470868577
669	0.0
670	0.0669381421328
671	0.0171642526405
672	0.0088525763966
673	0.00870029870627
674	0.00893681256976
675	0.0221361599109
676	0.0274565795015
677	0.138783248378
678	0.142389110208
679	0.0304444131654
680	0.0
681	0.0
682	0.0
683	0.0
684	0.0
685	0.0248966801579
686	0.114053387958
687	0.0857955324799
688	0.0
689	0.0525805730763
690	0.0372725348201
691	0.0367913344467
692	0.0363091558981
693	0.0171642526405
694	0.0669381421328
695	0.0
696	0.0
697	0.0
698	0.0
699	0.0
700	0.0
701	0.00423470868577
702	1.78045431085e-05
703	8.9838222195e-06
704	6.70301336445e-06
705	2.54048453264e-06
706	1.06497582428e-05
707	1.25371627596e-05
708	0.00257489824778
709	0.0104987528524
710	0.0638165977566
711	0.217613887779
712	0.198965374179
713	0.199374182746
714	0.163199856206
715	0.203251536283
716	0.203089216094
717	0.10658504295
718	0.0110317464208
719	0.140200128096
720	0.224005941063
721	0.224986126613
722	0.225219204088
723	0.258851131033
724	0.243505743478
725	0.335998643825
726	0.328505715687
727	0.144323954705
728	0.172465613873
729	0.127534672552
730	0.151663187289
731	0.0751773150794
732	0.0563001196195
733	0.010265639215
734	0.0793384700048
735	0.0846584270939
736	0.0339714344817
737	0.247282256126
738	0.247018813945
739	0.113479612164
740	0.157551732813
741	0.121317996451
742	0.122303247227
743	0.0
744	0.000521986604199
745	7.48834856949e-05
746	4.2283438113e-06
747	5.93452514539e-05
748	0.00533048398638
749	0.0
750	0.000777050563372
751	1.11515088661e-06
752	2.38891185927e-06
753	5.63700801951e-08
754	7.69065513087e-07
755	1.84123969381e-06
756	1.60587156197e-06
757	0.000121950991422
758	0.0
759	0.0
760	0.000336407113838
761	5.68982295445e-06
762	5.00363673495e-07
763	0.00100767376924
764	0.0920223807743
765	0.178229000544
766	0.0437076828236
767	0.0747503026545
768	0.0973199554692
769	0.198361414137
770	0.13174385833
771	0.203084469635
772	0.000224506185977
773	0.00026057973167
774	0.00155397625192
775	0.157020429416
776	0.159753316312
777	0.0
778	0.157489707906
779	0.156199139551
780	0.146115488987
781	0.132982955621
782	0.136791851992
783	0.0
784	0.0
785	0.0
786	0.0
787	0.0
788	0.0
789	0.0
790	0.000122775876282
791	5.98605147144e-06
792	4.90504258131e-06
793	4.5757777695e-06
794	5.92541513457e-06
795	1.42116749014e-05
796	0.000617858609251
797	0.194066099621
798	0.156930519224
799	0.156038467706
800	0.0
801	0.0237658056019
802	0.253223120253
803	0.247641553658
804	0.102186146315
805	0.148128023492
806	0.0547732544211
807	0.34778337355
808	0.00377328260892
809	0.000419626682599
810	0.000397388334451
811	0.000403451222143
812	0.000426858193023
813	0.0250567789252
814	0.0
815	0.0
816	0.0
817	0.0
818	0.0
819	0.0250567789252
820	0.000426858193023
821	0.000403451222143
822	0.000397388334451
823	0.000419626682599
824	0.00377328260892
825	0.0
826	0.0
827	0.0284384480724
828	0.0404443806839
829	0.282443783585
830	0.229689227168
831	0.207529456998
832	0.0547732544211
833	0.102186146315
834	0.101498830064
835	0.262770412089
836	0.156930519224
837	0.152261926369
838	0.0655699788541
839	0.000617858609251
840	1.42116749014e-05
841	5.92541513457e-06
842	4.5757777695e-06
843	4.90504258131e-06
844	5.98605147144e-06
845	0.000122775876282
846	0.0
847	0.0
848	0.0
849	0.292990991543
850	0.290472663527
851	0.305868805299
852	0.157020429416
853	0.0
854	0.00155397625192
855	0.00026057973167
856	0.000224506185977
857	0.0753280790896
858	0.127756390545
859	0.200645090761
860	0.195308854586
861	0.0432447221361
862	0.0751789654136
863	0.0926586035595
864	0.117075977503
865	0.0920223807743
866	0.0
867	0.00100767376924
868	5.00363673495e-07
869	5.68982295445e-06
870	0.000336407113838
871	0.0
872	0.0
873	0.000121950991422
874	1.60587156197e-06
875	1.84123969381e-06
876	7.69065513087e-07
877	5.63700801951e-08
878	2.38891185927e-06
879	1.11515088661e-06
880	0.000777050563372
881	0.0
882	0.00533048398638
883	5.93452514539e-05
884	4.2283438113e-06
885	7.48834856949e-05
886	0.000521986604199
887	0.0
888	0.267090339228
889	0.360909693804
890	0.412961098482
891	0.0874085516549
892	0.0608200256432
893	0.160506400689
894	0.0887882603691
895	0.0881678318282
896	0.0895666710364
897	0.0896373930648
898	0.0926668251227
899	0.0926480939465
900	0.17421698029
901	0.202627703467
902	0.00310672341736
903	0.144547910306
904	0.143401887564
905	0.0967899083457
906	0.0974953483455
907	0.183127487873
908	0.176167254273
909	0.176192639312
910	0.173815207863
911	0.181747506663
912	0.213992168911
913	0.139145838231
914	0.128433130963
915	0.127291483529
916	0.0
917	0.0234292111731
918	0.150102577337
919	0.182315763867
920	0.180523933689
921	0.0
922	0.0177314566303
923	0.0222109345115
924	0.155283059202
925	0.0970659227517
926	0.182634546082
927	0.266693386057
928	0.362222647402
929	0.38308801008
930	0.383195864559
931	0.380630039256
932	0.151207666728
933	0.290049834551
934	0.351693290388
935	0.245648045298
936	0.276740512664
937	0.359566213304
938	0.298944889015
939	0.0907728362178
940	0.0824257311788
941	0.193606305367
942	0.116675565852
943	0.0271186207825
944	0.0130225631405
945	0.15332735096
946	0.176623774734
947	0.165791929337
948	0.480091806202
949	0.480072278059
950	0.343704364507
951	0.149420334672
952	0.317469999181
953	0.325482975034
954	0.320448870906
955	0.142005358049
956	0.0792252922495
957	0.122594801918
958	0.149776376649
959	0.145560274034
960	0.048948802114
961	0.202816135679
962	0.0985061003771
963	0.106651944896
964	0.121842252369
965	0.117265264535
966	0.0969160022962
967	0.0967321050523
968	0.0655440192505
969	0.0625393535439
970	0.0120360543677
971	0.101776797623
972	0.10642121044
973	0.0955351713358
974	0.365562471143
975	0.367864295189
976	0.297750205696
977	0.0863792438892
978	0.124602845174
979	0.127833973181
980	0.0169215926441
981	0.307205214625
982	0.137372629066
983	0.00845371488235
984	0.00868354620873
985	0.111193013168
986	0.163806068657
987	0.292817806604
988	0.32394742043
989	0.186527924072
990	0.0498440904061
991	0.130788076157
992	0.0971830638163
993	0.150224812595
994	0.109302438967
995	0.0
996	0.0
997	0.0459548655
998	0.0455255917409
999	0.100668293033
1000	0.380826662415
1001	0.479700270071
1002	0.578633837383
1003	0.343841336671
1004	0.141870491815
1005	0.0245393303634
1006	0.0262758382126
1007	0.0355242609358
1008	0.0520423785662
1009	0.0644922352268
1010	0.120712536595
1011	0.243275217232
1012	0.248603417858
1013	0.249140603752
1014	0.103925008164
1015	0.137344387177
1016	0.351814055622
1017	0.410325168375
1018	0.355228722615
1019	0.168642166216
1020	0.171318753017
1021	0.1297238765
1022	0.0204723071978
1023	0.21166216494
1024	0.231637956795
1025	0.178872771975
1026	0.388254907534
1027	0.491274718399
1028	0.500336922265
1029	0.390853430592
1030	0.0259579658975
1031	0.0287930092702
1032	0.0121860834463
1033	0.0
1034	0.0330373150216
1035	0.468784676748
1036	0.749400264329
1037	0.505279894849
1038	0.541613401969
1039	0.419591715422
1040	0.0220209295301
1041	0.0986298042947
1042	0.0844856940335
1043	0.084471326268
1044	0.0890881312247
1045	0.0
1046	0.0284950323494
1047	0.0292343581815
1048	0.118257799227
1049	0.0659697555968
1050	0.0597915475751
1051	0.0735029426268
1052	0.150538340782
1053	0.342366579388
1054	0.337879226154
1055	0.322294641068
1056	0.0776650993845
1057	0.318292459336
1058	0.322337579272
1059	0.317162375905
1060	0.398313254832
1061	0.411771742544
1062	0.56602013349
1063	0.525677175517
1064	0.292204064943
1065	0.553571990012
1066	0.449908041465
1067	0.521871944173
1068	0.612647336962
1069	0.620819460697
1070	0.572666058263
1071	0.419045983342
1072	0.153070556122
1073	0.0
1074	0.0
1075	0.00811483899159
1076	0.0990569950353
1077	0.0693493507127
1078	0.0679692368071
1079	0.0535515352244
1080	0.180875105513
1081	0.170288670996
1082	0.268848491709
1083	0.271261758401
1084	0.157197544432
1085	0.170772732512
1086	0.113250642267
1087	0.395831818495
1088	0.291277961461
1089	0.133148216581
1090	0.0
1091	0.0
1092	0.00483472626366
1093	0.152153756021
1094	0.116412658774
1095	0.13163929868
1096	0.258201157065
1097	0.169573967551
1098	0.160467625232
1099	0.288087393991
1100	0.287638867108
1101	0.307221858198
1102	0.291884521475
1103	0.0837955993982
1104	0.111443096813
1105	0.0
1106	0.141848914965
1107	0.273840929849
1108	0.265446710563
1109	0.26544024241
1110	0.190565092253
1111	0.096907426071
1112	0.227270767811
1113	0.15385288994
1114	0.10407820945
1115	0.182934561449
1116	0.232312270333
1117	0.235875926261
1118	0.192857911293
1119	0.0663561955612
1120	0.0273791690386
1121	0.126502819457
1122	0.122956518796
1123	0.0289670226677
1124	0.0388354780063
1125	0.0
1126	0.0
1127	0.295379968789
1128	0.276207727538
1129	0.292153065361
1130	0.309130404989
1131	0.23842497243
1132	0.388264010879
1133	0.376759589601
1134	0.342847554504
1135	0.335511030798
1136	0.260891333022
1137	0.321987532726
1138	0.25928243661
1139	0.259741745696
1140	0.255404280514
1141	0.0862039081198
1142	0.0
1143	0.0
1144	0.0
1145	0.0678668711703
1146	0.282959564926
1147	0.300600600009
1148	0.217159994725
1149	0.216606787892
1150	0.201617185395
1151	0.201259885062
1152	0.201054374841
1153	0.33967813215
1154	0.338588837477
1155	0.263592563076
1156	0.169175171435
1157	0.173433250711
1158	0.428362794424
1159	0.43285079656
1160	0.437688649912
1161	0.0
1162	0.315382883526
1163	0.314697388634
1164	0.314722460267
1165	0.185441286948
1166	0.0548447784297
1167	0.152430020925
1168	0.186338001304
1169	0.310030089475
1170	0.244543486488
1171	0.11458895631
1172	0.0646271469832
1173	0.438963268689
1174	0.437370251296
1175	0.376035387362
1176	0.110252699984
1177	0.0
1178	0.0
1179	0.118264879708
1180	0.124587570225
1181	0.0759480756363
1182	0.0913251810353
1183	0.0808388761726
1184	0.0802464241338
1185	0.0757311176413
1186	0.0164411674797
1187	0.14765982043
1188	0.136632592941
1189	0.231061614782
1190	0.232103627636
1191	0.233150547242
1192	0.231680315389
1193	0.0678687919037
1194	0.116479690019
1195	0.186404001712
1196	0.100535465144
1197	0.0548189836475
1198	0.256799408268
1199	0.262335430616
1200	0.233289206047
1201	0.430799204113
1202	0.524221367739
1203	0.38144995415
1204	0.172000056953
1205	0.360097171434
1206	0.396177706547
1207	0.229931330206
1208	0.225167188361
1209	0.0886084363608
1210	0.0106180852399
1211	0.0630978377497
1212	0.0146050791143
1213	0.00292804766575
1214	0.0129988600975
1215	0.0132729409638
1216	0.0132731612377
1217	0.0132967147391
1218	0.0
1219	0.00886917096562
1220	0.02570328239
1221	0.0136866546958
1222	0.0121481129497
1223	0.00278778871492
1224	0.0126611931286
1225	0.0127771632994
1226	0.0526324913083
1227	0.119438469427
1228	0.078248437768
1229	0.0
1230	0.0
1231	0.0
1232	0.00300885084918
1233	0.00271933306496
1234	0.00271337769259
1235	0.00272526230891
1236	0.00396252129595
1237	0.00987097756962
1238	0.255384838259
1239	0.254306192708
1240	0.254513886386
1241	0.263231951609
1242	0.115889991339
1243	0.0
1244	0.0
1245	0.0
1246	0.0
1247	0.000167260375198
1248	1.10320769354e-05
1249	8.88160043579e-06
1250	9.33054160573e-06
1251	4.88731778851e-05
1252	0.0
1253	0.0430463699732
1254	2.71992630543e-05
1255	6.2282827331e-07
1256	1.86278919955e-07
1257	5.84933545309e-07
1258	0.00310922316138
1259	0.0
1260	0.0
1261	0.0
1262	0.0
1263	0.0
1264	0.0
1265	0.0
1266	0.0
1267	0.0
1268	0.0
1269	0.0
1270	0.00310922316138
1271	5.84933545309e-07
1272	1.86278919955e-07
1273	6.2282827331e-07
1274	2.71992630543e-05
1275	0.0430463699732
1276	0.0
1277	0.0
1278	0.0
1279	0.0
1280	0.000812376113722
1281	0.000499802141751
1282	0.000493640439595
1283	0.00152870870981
1284	0.0
1285	0.0
1286	0.0
1287	0.00152870870981
1288	0.000493640439595
1289	0.000499802141751
1290	0.000812376113722
1291	0.0
1292	0.0
1293	4.88731778851e-05
1294	9.33054160573e-06
1295	8.88160043579e-06
1296	1.10320769354e-05
1297	0.000167260375198
1298	0.0
1299	0.0
1300	0.0
1301	0.115889991339
1302	0.149617886792
1303	0.253707846721
1304	0.244536181879
1305	0.250539915849
1306	0.103130985254
1307	0.0110609529747
1308	0.00272526230891
1309	0.00271337769259
1310	0.00271933306496
1311	0.016998564719
1312	0.0140952601584
1313	0.0140955204043
1314	0.014094999917
1315	0.0139760242626
1316	0.112143655422
1317	0.108549051955
1318	0.0
1319	0.0028978186547
1320	0.0165546856513
1321	0.0167094375042
1322	0.0167371278956
1323	0.00430340746585
1324	0.0300278785748
1325	0.0140311174212
1326	0.0170207057012
1327	0.0169291559573
1328	0.0169275071838
1329	0.0169299942038
1330	0.0169555376871
1331	0.00401186487864
1332	0.0524809475821
1333	0.0
1334	0.0
1335	0.0
1336	0.0188954853454
1337	0.148532800452
1338	0.150160517257
1339	0.166311622082
1340	0.362808525482
1341	0.238791590536
1342	0.0525469432429
1343	0.0
1344	0.150509010772
1345	0.581254599966
1346	0.605688155989
1347	0.605425402772
1348	0.461310511747
1349	0.150862246852
1350	0.14503729732
1351	0.0493063707147
1352	0.00456148949401
1353	0.00281264118021
1354	0.00281158341408
1355	0.00516300871661
1356	0.148277589454
1357	0.0
1358	0.0
1359	0.0
1360	0.148277589454
1361	0.00516300871661
1362	0.00281158341408
1363	0.00281264118021
1364	0.00456148949401
1365	0.0437944337751
1366	0.198212496686
1367	0.133469576574
1368	0.0
1369	0.0
1370	0.0
1371	0.0
1372	0.505724598945
1373	0.505782175094
1374	0.314765661
1375	0.305666637582
1376	0.406577224941
1377	0.402771670533
1378	0.0
1379	0.149812894758
1380	0.148266375027
1381	0.142943074048
1382	0.138258545071
1383	0.0121520941942
1384	0.000102043705284
1385	7.56003294679e-06
1386	0.0775310878816
1387	1.6404938032e-06
1388	1.01611576256e-07
1389	1.9513352324e-06
1390	9.80009084809e-06
1391	0.00123040125707
1392	0.0
1393	0.0
1394	0.0
1395	0.0
1396	0.00123040125707
1397	9.80009084809e-06
1398	1.9513352324e-06
1399	1.01611576256e-07
1400	1.6404938032e-06
1401	0.0775310878816
1402	7.56003294679e-06
1403	0.000102043705284
1404	0.02429868303
1405	0.343170043424
1406	0.367251210664
1407	0.559716109311
1408	0.409264326299
1409	0.409335675288
1410	0.278920574701
1411	0.440081153102
1412	0.280713436668
1413	0.391825408632
1414	0.563799630548
1415	0.5393401584
1416	0.654739894561
1417	0.606519029738
1418	0.534559203084
1419	0.504781947604
1420	0.447351230945
1421	0.51854809706
1422	0.299253894823
1423	0.279692484816
1424	0.331657015069
1425	0.222219325199
1426	0.45188770808
1427	0.304607857167
1428	0.294237894131
1429	0.29654987847
1430	0.236040612644
1431	0.124319478359
1432	0.369993246354
1433	0.380220452909
1434	0.363268145568
1435	0.237840082681
1436	0.456677272327
1437	0.225037088599
1438	0.25676055562
1439	0.526529088411
1440	0.620979048847
1441	0.52320056969
1442	0.430619754229
1443	0.351237592547
1444	0.210756369761
1445	0.181227125321
1446	0.551215845974
1447	0.529381468482
1448	0.511379676172
1449	0.332033369624
1450	0.130889565307
1451	0.307722368134
1452	0.249227921063
1453	0.0723128219032
1454	0.13043248972
1455	0.325338295781
1456	0.331264804404
1457	0.330362382286
1458	0.0883277075814
1459	0.185942219364
1460	0.14692648751
1461	0.160400805755
1462	0.401667197936
1463	0.277374263958
1464	0.265460114292
1465	0.0588063172439
1466	0.229779045339
1467	0.18476933213
1468	0.143257553229
1469	0.495959198528
1470	0.545076550531
1471	0.596729890762
1472	0.564022425446
1473	0.310838334228
1474	0.308602640999
1475	0.340060864694
1476	0.228983746117
1477	0.283258009808
1478	0.29183842881
1479	0.506066581689
1480	0.499818597685
1481	0.545473855341
1482	0.462932836899
1483	0.0268891328754
1484	0.168948857539
1485	0.167875907084
1486	0.15281659734
1487	0.0317601408644
1488	0.028388229266
1489	0.140641133998
1490	0.140252595517
1491	0.0936566928174
1492	0.0862118041917
1493	0.0886727277587
1494	0.0262548901799
1495	0.0263247994578
1496	0.0263064203545
1497	0.0245581007887
1498	0.0
1499	0.0
1500	0.0
1501	0.0
1502	0.0
1503	0.0
1504	0.0
1505	0.101367240072
1506	0.0993163558667
1507	0.098595361244
1508	0.097002887325
1509	0.0990190175247
1510	0.0888707100784
1511	0.231231823678
1512	0.385603949453
1513	0.385544499269
1514	0.381513322892
1515	0.411590643498
1516	0.425168774345
1517	0.381773427718
1518	0.15414867312
1519	0.144482370986
1520	0.152748161277
1521	0.298265506204
1522	0.399715903017
1523	0.400204220142
1524	0.397263959413
1525	0.10461206119
1526	0.035300837577
1527	0.134512836491
1528	0.211798558894
1529	0.189422735248
1530	0.208058808947
1531	0.124953105755
1532	0.377068834583
1533	0.366545931359
1534	0.377555554668
1535	0.379030055219
1536	0.0768471786144
1537	0.0854971484804
1538	0.151693847973
1539	0.145162732731
1540	0.0167608892192
1541	0.0160493683677
1542	0.0
1543	0.0
1544	0.154756575843
1545	0.204253105132
1546	0.118882363646
1547	0.121859171836
1548	0.0325013730216
1549	0.0
1550	0.0
1551	0.0
1552	0.192830892014
1553	0.259675835961
1554	0.394876985381
1555	0.320810845242
1556	0.397529192105
1557	0.283151147009
1558	0.156786874879
1559	0.119292012577
1560	0.119190413712
1561	0.123783668994
1562	0.168781110777
1563	0.0748360590789
1564	0.0748056344365
1565	0.374483225905
1566	0.381036830434
1567	0.381015554414
1568	0.379536308403
1569	0.138039930341
1570	0.158341252845
1571	0.22661503404
1572	0.182341541079
1573	0.132135795794
1574	0.0
1575	0.0397742775093
1576	0.0337447485819
1577	0.116140406287
1578	0.11708286465
1579	0.121465549676
1580	0.11702220253
1581	0.116057179744
1582	0.0330184659127
1583	0.0333716833648
1584	0.38602056371
1585	0.229986559433
1586	0.0877874279179
1587	0.210657475651
1588	0.189329358802
1589	0.0
1590	0.0
1591	0.0
1592	0.0
1593	0.0
1594	0.0863033859111
1595	0.0852138521752
1596	0.0
1597	0.0837885016081
1598	0.238843250636
1599	0.159482307793
1600	0.231687201198
1601	0.118128574723
1602	0.117916390475
1603	0.117896111423
1604	0.118670102002
1605	0.0835163256002
1606	0.0605498460321
1607	0.0
1608	0.0
1609	0.0
1610	0.0
1611	0.0
1612	0.0
1613	0.0
1614	0.0
1615	0.0
1616	0.0
1617	0.0
1618	0.0
1619	0.0109697045471
1620	0.0117149769671
1621	0.0
1622	0.0
1623	0.0382512154178
1624	0.0830402492666
1625	0.0975394464119
1626	0.108835722127
1627	0.114074490861
1628	0.032597190032
1629	0.437014159447
1630	0.458812107088
1631	0.207297561047
1632	0.218841630144
1633	0.384905372799
1634	0.386188395037
1635	0.382561940517
1636	0.201120112489
1637	0.0103679772967
1638	0.00925269942628
1639	0.122573921713
1640	0.0801669684608
1641	0.0734392948639
1642	0.081210324302
1643	0.108960659488
1644	0.00714156763105
1645	0.179996378015
1646	0.214678407923
1647	0.104521707128
1648	0.10188997213
1649	0.070728545964
1650	0.0565682916988
1651	0.0692159531452
1652	0.0447505364874
1653	0.137551909406
1654	0.095900171148
1655	0.0
1656	0.0316913590091
1657	0.0314189754779
1658	0.0132586415878
1659	0.0
1660	0.256905183367
1661	0.263286483525
1662	0.263394389905
1663	0.276737347247
1664	0.286178477866
1665	0.0152110488191
1666	0.206689955869
1667	0.191286080683
1668	0.186368086641
1669	0.290065585188
1670	0.159760324261
1671	0.333400711715
1672	0.347122671346
1673	0.209268540427
1674	0.181875048343
1675	0.314060070598
1676	0.133725941905
1677	0.202705281062
1678	0.209701117593
1679	0.0762187427971
1680	0.076146425828
1681	0.15970762158
1682	0.342843656191
1683	0.502372831765
1684	0.504703008224
1685	0.522793308549
1686	0.385542243545
1687	0.322621918508
1688	0.4191422263
1689	0.214003959589
1690	0.0
1691	0.0
1692	0.216616676928
1693	0.253230802329
1694	0.286845978322
1695	0.267610154798
1696	0.422380791036
1697	0.350724040436
1698	0.333531796962
1699	0.249704172326
1700	0.170301361237
1701	0.0499906356041
1702	0.060192272473
1703	0.0198732239129
1704	0.0198575215483
1705	0.0197075455013
1706	0.0
1707	0.14368025741
1708	0.150870646379
1709	0.279781828303
1710	0.311308559771
1711	0.356789818341
1712	0.249247201982
1713	0.186832706171
1714	0.373379727067
1715	0.388951036288
1716	0.376386577992
1717	0.314025680695
1718	0.152748161277
1719	0.0
1720	0.00708487599561
